# Force and moment coefficients
# dragDir           : (9.848077530122e-01 1.736481776670e-01 0.000000000000e+00)
# sideDir           : (0.000000000000e+00 0.000000000000e+00 -1.000000000000e+00)
# liftDir           : (-1.736481776670e-01 9.848077530122e-01 0.000000000000e+00)
# rollAxis          : (9.848077530122e-01 1.736481776670e-01 0.000000000000e+00)
# pitchAxis         : (0.000000000000e+00 0.000000000000e+00 -1.000000000000e+00)
# yawAxis           : (-1.736481776670e-01 9.848077530122e-01 0.000000000000e+00)
# magUInf           : 1.000000000000e+00
# lRef              : 1.000000000000e+00
# Aref              : 1.000000000000e+00
# CofR              : (2.500000000000e-01 0.000000000000e+00 0.000000000000e+00)
#
# Time              	Cd                  	Cd(f)               	Cd(r)               	Cl                  	Cl(f)               	Cl(r)               	CmPitch             	CmRoll              	CmYaw               	Cs                  	Cs(f)               	Cs(r)               
1                   	6.867887681467e-01	-6.651687182286e-01	1.351957486375e+00	2.017126204604e+00	4.619556314260e-01	1.555170573178e+00	-5.466074708759e-01	-1.008563102302e+00	3.433943840733e-01	9.326440041822e-21	3.433943840733e-01	-3.433943840733e-01
2                   	3.356569584971e-01	-2.820200304529e-01	6.176769889500e-01	8.996970194029e-01	3.623395299877e-01	5.373574894152e-01	-8.750897971373e-02	-4.498485097015e-01	1.678284792485e-01	-4.474495343177e-21	1.678284792485e-01	-1.678284792485e-01
3                   	1.683690175793e-01	-1.835342423498e-01	3.519032599291e-01	5.354375022789e-01	3.328684633110e-01	2.025690389679e-01	6.514971217153e-02	-2.677187511394e-01	8.418450878963e-02	-2.521631620463e-21	8.418450878963e-02	-8.418450878963e-02
4                   	9.114967318501e-02	-1.946115647474e-01	2.857612379324e-01	4.803728026799e-01	3.138477621928e-01	1.665250404870e-01	7.366136085291e-02	-2.401864013399e-01	4.557483659250e-02	-3.022180077349e-22	4.557483659250e-02	-4.557483659250e-02
5                   	5.997047656849e-02	-2.231171306226e-01	2.830876071911e-01	5.062047378137e-01	3.047845597951e-01	2.014201780186e-01	5.168219088825e-02	-2.531023689068e-01	2.998523828424e-02	-1.405105719301e-22	2.998523828424e-02	-2.998523828424e-02
6                   	5.559894422910e-02	-2.564811689538e-01	3.120801131829e-01	5.685612821366e-01	3.077431898893e-01	2.608180922474e-01	2.346254882094e-02	-2.842806410683e-01	2.779947211455e-02	2.834073480318e-22	2.779947211455e-02	-2.779947211455e-02
7                   	6.166784841175e-02	-2.896669389405e-01	3.513347873522e-01	6.410017262927e-01	3.172649244973e-01	3.237368017954e-01	-3.235938649038e-03	-3.205008631464e-01	3.083392420588e-02	5.052534751762e-22	3.083392420588e-02	-3.083392420588e-02
...
39981               	1.510614072696e-02	-5.200634661468e-01	5.351696068738e-01	1.055233073021e+00	5.367174691695e-01	5.185156038511e-01	9.100932659208e-03	-5.276165365103e-01	7.553070363481e-03	-1.695695982366e-21	7.553070363481e-03	-7.553070363481e-03
39982               	1.512877441309e-02	-5.200438414390e-01	5.351726158520e-01	1.055216457291e+00	5.367062801572e-01	5.185101771338e-01	9.098051511678e-03	-5.276082286455e-01	7.564387206547e-03	-1.702336517454e-21	7.564387206547e-03	-7.564387206547e-03
39983               	1.510618235625e-02	-5.200633898133e-01	5.351695721695e-01	1.055232961983e+00	5.367173948016e-01	5.185155671812e-01	9.100913810242e-03	-5.276164809914e-01	7.553091178126e-03	-1.695639690123e-21	7.553091178126e-03	-7.553091178126e-03
39984               	1.512877691890e-02	-5.200438358567e-01	5.351726127756e-01	1.055216448632e+00	5.367062685856e-01	5.185101800466e-01	9.098044269494e-03	-5.276082243161e-01	7.564388459452e-03	-1.702278621681e-21	7.564388459452e-03	-7.564388459452e-03
39985               	1.510617352244e-02	-5.200634416228e-01	5.351696151452e-01	1.055233056768e+00	5.367174316791e-01	5.185156250889e-01	9.100903295122e-03	-5.276165283840e-01	7.553086761222e-03	-1.695663235542e-21	7.553086761222e-03	-7.553086761222e-03
39986               	1.512875181545e-02	-5.200439057502e-01	5.351726575657e-01	1.055216563316e+00	5.367063296249e-01	5.185102336910e-01	9.098047966960e-03	-5.276082816579e-01	7.564375907724e-03	-1.702348276661e-21	7.564375907724e-03	-7.564375907724e-03
39987               	1.510618272515e-02	-5.200634154200e-01	5.351695981452e-01	1.055233013565e+00	5.367174114022e-01	5.185156021630e-01	9.100904619614e-03	-5.276165067826e-01	7.553091362577e-03	-1.695684927947e-21	7.553091362577e-03	-7.553091362577e-03
39988               	1.512879142669e-02	-5.200438225206e-01	5.351726139473e-01	1.055216436468e+00	5.367062388111e-01	5.185101976569e-01	9.098020577116e-03	-5.276082182340e-01	7.564395713345e-03	-1.702291353471e-21	7.564395713345e-03	-7.564395713345e-03
39989               	1.510618804230e-02	-5.200634218536e-01	5.351696098959e-01	1.055233031750e+00	5.367174027503e-01	5.185156289993e-01	9.100886875461e-03	-5.276165158748e-01	7.553094021151e-03	-1.695626059730e-21	7.553094021151e-03	-7.553094021151e-03
39990               	1.512878228116e-02	-5.200438785274e-01	5.351726608085e-01	1.055216539336e+00	5.367062911101e-01	5.185102482257e-01	9.098021442185e-03	-5.276082696679e-01	7.564391140578e-03	-1.702315042740e-21	7.564391140578e-03	-7.564391140578e-03
39991               	1.510615336960e-02	-5.200634810110e-01	5.351696343806e-01	1.055233115392e+00	5.367174654878e-01	5.185156499039e-01	9.100907791931e-03	-5.276165576958e-01	7.553076684802e-03	-1.695696572439e-21	7.553076684802e-03	-7.553076684802e-03
39992               	1.512878299326e-02	-5.200438453321e-01	5.351726283253e-01	1.055216473657e+00	5.367062574039e-01	5.185102162535e-01	9.098020575179e-03	-5.276082368287e-01	7.564391496628e-03	-1.702337014125e-21	7.564391496628e-03	-7.564391496628e-03
39993               	1.510619407841e-02	-5.200633999520e-01	5.351695940304e-01	1.055232993982e+00	5.367173738933e-01	5.185156200891e-01	9.100876902055e-03	-5.276164969912e-01	7.553097039207e-03	-1.695639524949e-21	7.553097039207e-03	-7.553097039207e-03
39994               	1.512878765955e-02	-5.200438512385e-01	5.351726388981e-01	1.055216490137e+00	5.367062676449e-01	5.185102224917e-01	9.098022576610e-03	-5.276082450683e-01	7.564393829773e-03	-1.702278448733e-21	7.564393829773e-03	-7.564393829773e-03
39995               	1.510617190175e-02	-5.200634490432e-01	5.351696209450e-01	1.055233069988e+00	5.367174404671e-01	5.185156295211e-01	9.100905473026e-03	-5.276165349941e-01	7.553085950876e-03	-1.695663971460e-21	7.553085950876e-03	-7.553085950876e-03
39996               	1.512874374110e-02	-5.200438985987e-01	5.351726423398e-01	1.055216540939e+00	5.367063207154e-01	5.185102202232e-01	9.098050246087e-03	-5.276082704693e-01	7.564371870548e-03	-1.702349205154e-21	7.564371870548e-03	-7.564371870548e-03
39997               	1.510617502043e-02	-5.200634136064e-01	5.351695886268e-01	1.055233002233e+00	5.367174091297e-01	5.185155931034e-01	9.100908013172e-03	-5.276165011166e-01	7.553087510213e-03	-1.695685453552e-21	7.553087510213e-03	-7.553087510213e-03
39998               	1.512878180405e-02	-5.200438230040e-01	5.351726048081e-01	1.055216427812e+00	5.367062566907e-01	5.185101711214e-01	9.098042784639e-03	-5.276082139061e-01	7.564390902025e-03	-1.702292024202e-21	7.564390902025e-03	-7.564390902025e-03
39999               	1.510616602733e-02	-5.200634135446e-01	5.351695795719e-01	1.055232993117e+00	5.367174313045e-01	5.185155618120e-01	9.100934746269e-03	-5.276164965583e-01	7.553083013663e-03	-1.695627517915e-21	7.553083013663e-03	-7.553083013663e-03
40000               	1.512875509348e-02	-5.200438553564e-01	5.351726104498e-01	1.055216465806e+00	5.367063010278e-01	5.185101647784e-01	9.098068124665e-03	-5.276082329031e-01	7.564377546738e-03	-1.702316403770e-21	7.564377546738e-03	-7.564377546738e-03
