# Force and moment coefficients
# dragDir           : (9.848077530122e-01 1.736481776670e-01 0.000000000000e+00)
# sideDir           : (0.000000000000e+00 0.000000000000e+00 -1.000000000000e+00)
# liftDir           : (-1.736481776670e-01 9.848077530122e-01 0.000000000000e+00)
# rollAxis          : (9.848077530122e-01 1.736481776670e-01 0.000000000000e+00)
# pitchAxis         : (0.000000000000e+00 0.000000000000e+00 -1.000000000000e+00)
# yawAxis           : (-1.736481776670e-01 9.848077530122e-01 0.000000000000e+00)
# magUInf           : 1.000000000000e+00
# lRef              : 1.000000000000e+00
# Aref              : 1.000000000000e+00
# CofR              : (2.500000000000e-01 0.000000000000e+00 0.000000000000e+00)
#
# Time              	Cd                  	Cd(f)               	Cd(r)               	Cl                  	Cl(f)               	Cl(r)               	CmPitch             	CmRoll              	CmYaw               	Cs                  	Cs(f)               	Cs(r)               
1                   	1.601526732521e+00	-1.369792362288e+00	2.971319094809e+00	4.341111457097e+00	9.488613864780e-01	3.392250070619e+00	-1.221694342071e+00	-2.170555728549e+00	8.007633662603e-01	4.996004909235e-21	8.007633662603e-01	-8.007633662603e-01
2                   	5.301335999088e-01	-3.996028984740e-01	9.297364983828e-01	1.329339396857e+00	4.903036814268e-01	8.390357154299e-01	-1.743660170016e-01	-6.646696984284e-01	2.650667999544e-01	2.056597717633e-21	2.650667999544e-01	-2.650667999544e-01
3                   	7.647013614521e-02	9.208683601074e-03	6.726145254414e-02	5.805276894306e-02	2.454304665361e-01	-1.873776975930e-01	2.164040820645e-01	-2.902638447153e-02	3.823506807261e-02	-3.015220823756e-22	3.823506807261e-02	-3.823506807261e-02
4                   	6.810112486777e-02	-9.391179495733e-02	1.620129198251e-01	2.559247147824e-01	2.204490129087e-01	3.547570187376e-02	9.248665551746e-02	-1.279623573912e-01	3.405056243388e-02	-2.742733403309e-22	3.405056243388e-02	-3.405056243388e-02
5                   	7.970393546513e-02	-1.516606778641e-01	2.313646133293e-01	3.830252911934e-01	2.347663710378e-01	1.482589201556e-01	4.325372544109e-02	-1.915126455967e-01	3.985196773257e-02	-3.984535539983e-22	3.985196773257e-02	-3.985196773257e-02
6                   	8.178285665140e-02	-1.819362685298e-01	2.637191251812e-01	4.456553937111e-01	2.533464035907e-01	1.923089901204e-01	3.051870673517e-02	-2.228276968555e-01	4.089142832570e-02	-4.446721055916e-22	4.089142832570e-02	-4.089142832570e-02
7                   	8.147320646096e-02	-2.069775944203e-01	2.884508008813e-01	4.954283953016e-01	2.709599080033e-01	2.244684872983e-01	2.324571035249e-02	-2.477141976508e-01	4.073660323048e-02	-4.280685472390e-22	4.073660323048e-02	-4.073660323048e-02
...
59981               	1.203338226795e-02	-5.337953948643e-01	5.458287771322e-01	1.079624171997e+00	5.457874601710e-01	5.338367118255e-01	5.975374172735e-03	-5.398120859983e-01	6.016691133977e-03	4.555181551945e-23	6.016691133977e-03	-6.016691133977e-03
59982               	1.203473181034e-02	-5.337957028808e-01	5.458304346912e-01	1.079626137572e+00	5.457889313208e-01	5.338372062512e-01	5.975862534784e-03	-5.398130687860e-01	6.017365905170e-03	4.527602265483e-23	6.017365905170e-03	-6.017365905170e-03
59983               	1.203338249083e-02	-5.337953955965e-01	5.458287780874e-01	1.079624173684e+00	5.457874604358e-01	5.338367132481e-01	5.975373593859e-03	-5.398120868420e-01	6.016691245417e-03	4.555189534114e-23	6.016691245417e-03	-6.016691245417e-03
59984               	1.203473203376e-02	-5.337957029930e-01	5.458304350268e-01	1.079626138020e+00	5.457889305969e-01	5.338372074229e-01	5.975861586969e-03	-5.398130690099e-01	6.017366016881e-03	4.527607389841e-23	6.017366016881e-03	-6.017366016881e-03
59985               	1.203338273283e-02	-5.337953959411e-01	5.458287786739e-01	1.079624174615e+00	5.457874602838e-01	5.338367143312e-01	5.975372976265e-03	-5.398120873075e-01	6.016691366414e-03	4.555190601801e-23	6.016691366414e-03	-6.016691366414e-03
59986               	1.203473259337e-02	-5.337957036987e-01	5.458304362920e-01	1.079626139991e+00	5.457889315387e-01	5.338372084520e-01	5.975861543352e-03	-5.398130699953e-01	6.017366296687e-03	4.527600110164e-23	6.017366296687e-03	-6.017366296687e-03
59987               	1.203338365246e-02	-5.337953956998e-01	5.458287793523e-01	1.079624175052e+00	5.457874601302e-01	5.338367149219e-01	5.975372604110e-03	-5.398120875261e-01	6.016691826229e-03	4.555182288121e-23	6.016691826229e-03	-6.016691826229e-03
59988               	1.203473298794e-02	-5.337957032762e-01	5.458304362641e-01	1.079626139540e+00	5.457889308869e-01	5.338372086533e-01	5.975861116810e-03	-5.398130697701e-01	6.017366493969e-03	4.527592066733e-23	6.017366493969e-03	-6.017366493969e-03
59989               	1.203338371900e-02	-5.337953959565e-01	5.458287796755e-01	1.079624175632e+00	5.457874605424e-01	5.338367150896e-01	5.975372726359e-03	-5.398120878160e-01	6.016691859501e-03	4.555175863713e-23	6.016691859501e-03	-6.016691859501e-03
59990               	1.203473328669e-02	-5.337957039329e-01	5.458304372196e-01	1.079626141153e+00	5.457889322141e-01	5.338372089384e-01	5.975861637880e-03	-5.398130705763e-01	6.017366643347e-03	4.527590060708e-23	6.017366643347e-03	-6.017366643347e-03
59991               	1.203338353800e-02	-5.337953965093e-01	5.458287800473e-01	1.079624176557e+00	5.457874615437e-01	5.338367150129e-01	5.975373265398e-03	-5.398120882783e-01	6.016691768999e-03	4.555178154571e-23	6.016691768999e-03	-6.016691768999e-03
59992               	1.203473270432e-02	-5.337957037862e-01	5.458304364906e-01	1.079626140277e+00	5.457889319509e-01	5.338372083258e-01	5.975861812548e-03	-5.398130701384e-01	6.017366352162e-03	4.527594776053e-23	6.017366352162e-03	-6.017366352162e-03
59993               	1.203338326519e-02	-5.337953958602e-01	5.458287791254e-01	1.079624174986e+00	5.457874608977e-01	5.338367140879e-01	5.975373404885e-03	-5.398120874928e-01	6.016691632597e-03	4.555181739923e-23	6.016691632597e-03	-6.016691632597e-03
59994               	1.203473264037e-02	-5.337957035573e-01	5.458304361976e-01	1.079626139755e+00	5.457889321385e-01	5.338372076164e-01	5.975862261059e-03	-5.398130698774e-01	6.017366320183e-03	4.527596249081e-23	6.017366320183e-03	-6.017366320183e-03
59995               	1.203338333710e-02	-5.337953953416e-01	5.458287786787e-01	1.079624174020e+00	5.457874605213e-01	5.338367134991e-01	5.975373511083e-03	-5.398120870102e-01	6.016691668549e-03	4.555182145923e-23	6.016691668549e-03	-6.016691668549e-03
59996               	1.203473182669e-02	-5.337957036758e-01	5.458304355025e-01	1.079626139178e+00	5.457889320496e-01	5.338372071286e-01	5.975862460466e-03	-5.398130695891e-01	6.017365913345e-03	4.527593911310e-23	6.017365913345e-03	-6.017365913345e-03
59997               	1.203338266350e-02	-5.337953958639e-01	5.458287785273e-01	1.079624174391e+00	5.457874610974e-01	5.338367132938e-01	5.975373901787e-03	-5.398120871956e-01	6.016691331749e-03	4.555176543822e-23	6.016691331749e-03	-6.016691331749e-03
59998               	1.203473183085e-02	-5.337957039744e-01	5.458304358053e-01	1.079626139780e+00	5.457889326310e-01	5.338372071486e-01	5.975862741202e-03	-5.398130698898e-01	6.017365915425e-03	4.527589599436e-23	6.017365915425e-03	-6.017365915425e-03
59999               	1.203338260877e-02	-5.337953958919e-01	5.458287785007e-01	1.079624174393e+00	5.457874609673e-01	5.338367134253e-01	5.975373771003e-03	-5.398120871963e-01	6.016691304384e-03	4.555175177759e-23	6.016691304384e-03	-6.016691304384e-03
60000               	1.203473138612e-02	-5.337957037979e-01	5.458304351840e-01	1.079626138982e+00	5.457889316541e-01	5.338372073277e-01	5.975862163167e-03	-5.398130694909e-01	6.017365693059e-03	4.527593916700e-23	6.017365693059e-03	-6.017365693059e-03
