# Force and moment coefficients
# dragDir           : (9.848077530122e-01 1.736481776670e-01 0.000000000000e+00)
# sideDir           : (0.000000000000e+00 0.000000000000e+00 -1.000000000000e+00)
# liftDir           : (-1.736481776670e-01 9.848077530122e-01 0.000000000000e+00)
# rollAxis          : (9.848077530122e-01 1.736481776670e-01 0.000000000000e+00)
# pitchAxis         : (0.000000000000e+00 0.000000000000e+00 -1.000000000000e+00)
# yawAxis           : (-1.736481776670e-01 9.848077530122e-01 0.000000000000e+00)
# magUInf           : 1.000000000000e+00
# lRef              : 1.000000000000e+00
# Aref              : 1.000000000000e+00
# CofR              : (2.500000000000e-01 0.000000000000e+00 0.000000000000e+00)
#
# Time              	Cd                  	Cd(f)               	Cd(r)               	Cl                  	Cl(f)               	Cl(r)               	CmPitch             	CmRoll              	CmYaw               	Cs                  	Cs(f)               	Cs(r)               
1                   	5.934797089011e+00	-5.626837573063e+00	1.156163466207e+01	1.718847223514e+01	3.712054799374e+00	1.347641743576e+01	-4.882181318195e+00	-8.594236117568e+00	2.967398544506e+00	3.550366368383e-20	2.967398544506e+00	-2.967398544506e+00
2                   	8.370496530747e-01	-4.450754361313e-01	1.282125089206e+00	1.727200525337e+00	6.221339482975e-01	1.105066577040e+00	-2.414663143712e-01	-8.636002626687e-01	4.185248265373e-01	7.996607317944e-21	4.185248265373e-01	-4.185248265373e-01
3                   	1.977044941318e-01	1.668534602457e-02	1.810191481073e-01	1.643338020827e-01	1.890417907785e-01	-2.470798869582e-02	1.068748897372e-01	-8.216690104134e-02	9.885224706591e-02	1.218822529577e-21	9.885224706591e-02	-9.885224706591e-02
4                   	1.352066387414e-01	-6.739539159150e-03	1.419461779005e-01	1.486857170597e-01	1.600401004994e-01	-1.135438343972e-02	8.569724196957e-02	-7.434285852985e-02	6.760331937070e-02	1.983414474094e-22	6.760331937070e-02	-6.760331937070e-02
5                   	1.257893293184e-01	-4.495073480847e-02	1.707400641268e-01	2.156907989353e-01	1.715416818145e-01	4.414911712083e-02	6.369628234682e-02	-1.078453994677e-01	6.289466465918e-02	1.653940452889e-22	6.289466465918e-02	-6.289466465918e-02
6                   	1.121222525037e-01	-5.848727111120e-02	1.706095236149e-01	2.290967947261e-01	1.776538007309e-01	5.144299399514e-02	6.310540336790e-02	-1.145483973630e-01	5.606112625184e-02	1.931393664682e-22	5.606112625184e-02	-5.606112625184e-02
7                   	1.029816833695e-01	-7.104851985333e-02	1.740302032228e-01	2.450787230761e-01	1.835827790810e-01	6.149594399510e-02	6.104341754297e-02	-1.225393615381e-01	5.149084168474e-02	2.151409943165e-22	5.149084168474e-02	-5.149084168474e-02
...
17023               	1.190380833324e-02	-5.330829343520e-01	5.449867426852e-01	1.078069677037e+00	5.453477122547e-01	5.327219647825e-01	6.312873736063e-03	-5.390348385186e-01	5.951904166620e-03	1.710724053764e-21	5.951904166620e-03	-5.951904166620e-03
17024               	1.190235770211e-02	-5.330816395687e-01	5.449839972708e-01	1.078065636839e+00	5.453447434533e-01	5.327208933862e-01	6.311925033558e-03	-5.390328184197e-01	5.951178851055e-03	1.710685361146e-21	5.951178851055e-03	-5.951178851055e-03
17025               	1.190381446451e-02	-5.330829318909e-01	5.449867463554e-01	1.078069678246e+00	5.453477145758e-01	5.327219636705e-01	6.312875452608e-03	-5.390348391231e-01	5.951907232255e-03	1.710723995952e-21	5.951907232255e-03	-5.951907232255e-03
17026               	1.190233667134e-02	-5.330816282683e-01	5.449839649396e-01	1.078065593208e+00	5.453447120019e-01	5.327208812060e-01	6.311915397948e-03	-5.390327966040e-01	5.951168335668e-03	1.710685019990e-21	5.951168335668e-03	-5.951168335668e-03
17027               	1.190379323976e-02	-5.330829210538e-01	5.449867142936e-01	1.078069635347e+00	5.453476856375e-01	5.327219497099e-01	6.312867963780e-03	-5.390348176737e-01	5.951896619881e-03	1.710724137161e-21	5.951896619881e-03	-5.951896619881e-03
17028               	1.190233973798e-02	-5.330816283626e-01	5.449839681006e-01	1.078065596463e+00	5.453447185561e-01	5.327208779071e-01	6.311920324501e-03	-5.390327982316e-01	5.951169868989e-03	1.710685199825e-21	5.951169868989e-03	-5.951169868989e-03
17029               	1.190380013058e-02	-5.330829221637e-01	5.449867222943e-01	1.078069644458e+00	5.453476943889e-01	5.327219500691e-01	6.312872159891e-03	-5.390348222290e-01	5.951900065290e-03	1.710724019222e-21	5.951900065290e-03	-5.951900065290e-03
17030               	1.190235033000e-02	-5.330816285530e-01	5.449839788830e-01	1.078065607436e+00	5.453447277412e-01	5.327208796949e-01	6.311924023162e-03	-5.390328037180e-01	5.951175164998e-03	1.710685276625e-21	5.951175164998e-03	-5.951175164998e-03
17031               	1.190380913479e-02	-5.330829218311e-01	5.449867309659e-01	1.078069652797e+00	5.453477015889e-01	5.327219512082e-01	6.312875190350e-03	-5.390348263985e-01	5.951904567395e-03	1.710723970701e-21	5.951904567395e-03	-5.951904567395e-03
17032               	1.190235872583e-02	-5.330816269134e-01	5.449839856392e-01	1.078065612553e+00	5.453447329510e-01	5.327208796016e-01	6.311926674694e-03	-5.390328062763e-01	5.951179362915e-03	1.710685339409e-21	5.951179362915e-03	-5.951179362915e-03
17033               	1.190381508676e-02	-5.330829193957e-01	5.449867344825e-01	1.078069653878e+00	5.453477040451e-01	5.327219498331e-01	6.312877106004e-03	-5.390348269391e-01	5.951907543381e-03	1.710723916675e-21	5.951907543381e-03	-5.951907543381e-03
17034               	1.190236407517e-02	-5.330816237605e-01	5.449839878357e-01	1.078065611596e+00	5.453447340610e-01	5.327208775353e-01	6.311928262827e-03	-5.390328057981e-01	5.951182037587e-03	1.710685379482e-21	5.951182037587e-03	-5.951182037587e-03
17035               	1.190381873613e-02	-5.330829158306e-01	5.449867345668e-01	1.078069650397e+00	5.453477033172e-01	5.327219470802e-01	6.312878118513e-03	-5.390348251987e-01	5.951909368067e-03	1.710723863838e-21	5.951909368067e-03	-5.951909368067e-03
17036               	1.190236754574e-02	-5.330816199325e-01	5.449839874782e-01	1.078065607411e+00	5.453447328307e-01	5.327208745799e-01	6.311929125413e-03	-5.390328037053e-01	5.951183772870e-03	1.710685409975e-21	5.951183772870e-03	-5.951183772870e-03
17037               	1.190382109297e-02	-5.330829118445e-01	5.449867329375e-01	1.078069644782e+00	5.453477010019e-01	5.327219437801e-01	6.312878610885e-03	-5.390348223910e-01	5.951910546487e-03	1.710723812784e-21	5.951910546487e-03	-5.951910546487e-03
17038               	1.190234343744e-02	-5.330816078379e-01	5.449839512754e-01	1.078065559113e+00	5.453446980794e-01	5.327208610339e-01	6.311918522748e-03	-5.390327795567e-01	5.951171718720e-03	1.710685048999e-21	5.951171718720e-03	-5.951171718720e-03
17039               	1.190379774305e-02	-5.330829005953e-01	5.449866983384e-01	1.078069598934e+00	5.453476699564e-01	5.327219289774e-01	6.312870489496e-03	-5.390347994669e-01	5.951898871527e-03	1.710723957895e-21	5.951898871527e-03	-5.951898871527e-03
17040               	1.190234461989e-02	-5.330816077917e-01	5.449839524116e-01	1.078065560203e+00	5.453447031116e-01	5.327208570918e-01	6.311923009869e-03	-5.390327801017e-01	5.951172309947e-03	1.710685203378e-21	5.951172309947e-03	-5.951172309947e-03
17041               	1.190380134721e-02	-5.330828957189e-01	5.449866970661e-01	1.078069592785e+00	5.453476700173e-01	5.327219227677e-01	6.312873624790e-03	-5.390347963925e-01	5.951900673605e-03	1.710723843292e-21	5.951900673605e-03	-5.951900673605e-03
17042               	1.190235604486e-02	-5.330816120769e-01	5.449839681218e-01	1.078065580199e+00	5.453447180401e-01	5.327208621586e-01	6.311927940746e-03	-5.390327900994e-01	5.951178022431e-03	1.710685230530e-21	5.951178022431e-03	-5.951178022431e-03
