# Force and moment coefficients
# dragDir           : (9.848077530122e-01 1.736481776670e-01 0.000000000000e+00)
# sideDir           : (0.000000000000e+00 0.000000000000e+00 -1.000000000000e+00)
# liftDir           : (-1.736481776670e-01 9.848077530122e-01 0.000000000000e+00)
# rollAxis          : (9.848077530122e-01 1.736481776670e-01 0.000000000000e+00)
# pitchAxis         : (0.000000000000e+00 0.000000000000e+00 -1.000000000000e+00)
# yawAxis           : (-1.736481776670e-01 9.848077530122e-01 0.000000000000e+00)
# magUInf           : 1.000000000000e+00
# lRef              : 1.000000000000e+00
# Aref              : 1.000000000000e+00
# CofR              : (2.500000000000e-01 0.000000000000e+00 0.000000000000e+00)
#
# Time              	Cd                  	Cd(f)               	Cd(r)               	Cl                  	Cl(f)               	Cl(r)               	CmPitch             	CmRoll              	CmYaw               	Cs                  	Cs(f)               	Cs(r)               
1                   	6.864237995811e-01	-6.640445811334e-01	1.350468380715e+00	2.014512961848e+00	4.616295660478e-01	1.552883395800e+00	-5.456269148762e-01	-1.007256480924e+00	3.432118997906e-01	9.326566784660e-21	3.432118997906e-01	-3.432118997906e-01
2                   	3.431508260587e-01	-2.816960044117e-01	6.248468304705e-01	9.065428348822e-01	3.498944108217e-01	5.566484240605e-01	-1.033770066194e-01	-4.532714174411e-01	1.715754130294e-01	-4.885304935296e-21	1.715754130294e-01	-1.715754130294e-01
3                   	1.682670424965e-01	-1.793020729624e-01	3.475691154589e-01	5.268711884213e-01	3.336227204199e-01	1.932484680014e-01	7.018712620924e-02	-2.634355942106e-01	8.413352124824e-02	-1.469118497062e-21	8.413352124824e-02	-8.413352124824e-02
4                   	8.297010202387e-02	-1.945159916856e-01	2.774860937095e-01	4.720020853950e-01	3.133928770630e-01	1.586092083321e-01	7.739183436544e-02	-2.360010426975e-01	4.148505101193e-02	-3.825245587970e-22	4.148505101193e-02	-4.148505101193e-02
5                   	5.769624250901e-02	-2.343169505874e-01	2.920131930964e-01	5.263301436839e-01	3.071651119175e-01	2.191650317663e-01	4.400004007560e-02	-2.631650718419e-01	2.884812125451e-02	1.928949270614e-22	2.884812125451e-02	-2.884812125451e-02
6                   	5.543482513062e-02	-2.680466336357e-01	3.234814587663e-01	5.915280924020e-01	3.121308854734e-01	2.793972069286e-01	1.636683927239e-02	-2.957640462010e-01	2.771741256531e-02	5.709779858888e-22	2.771741256531e-02	-2.771741256531e-02
7                   	5.980506178546e-02	-2.912058369591e-01	3.510108987446e-01	6.422167357036e-01	3.190456114004e-01	3.231711243033e-01	-2.062756451456e-03	-3.211083678518e-01	2.990253089273e-02	6.349000657973e-22	2.990253089273e-02	-2.990253089273e-02
...
1981                	1.509848803714e-02	-5.209199184587e-01	5.360184064959e-01	1.056938324955e+00	5.373055720625e-01	5.196327528921e-01	8.836409585217e-03	-5.284691624773e-01	7.549244018572e-03	-1.657280623941e-21	7.549244018572e-03	-7.549244018572e-03
1982                	1.508252199251e-02	-5.209514123621e-01	5.360339343546e-01	1.056985346717e+00	5.373364923434e-01	5.196488543733e-01	8.843818985037e-03	-5.284926733583e-01	7.541260996255e-03	-1.659432963863e-21	7.541260996255e-03	-7.541260996255e-03
1983                	1.509848583028e-02	-5.209199055675e-01	5.360183913977e-01	1.056938296965e+00	5.373055615926e-01	5.196327353726e-01	8.836413109967e-03	-5.284691484826e-01	7.549242915139e-03	-1.657280463967e-21	7.549242915139e-03	-7.549242915139e-03
1984                	1.508251999901e-02	-5.209514002021e-01	5.360339202011e-01	1.056985320403e+00	5.373364819939e-01	5.196488384093e-01	8.843821792341e-03	-5.284926602016e-01	7.541259999504e-03	-1.659432894217e-21	7.541259999504e-03	-7.541259999504e-03
1985                	1.509848273789e-02	-5.209198924774e-01	5.360183752153e-01	1.056938267693e+00	5.373055515213e-01	5.196327161713e-01	8.836417674980e-03	-5.284691338463e-01	7.549241368944e-03	-1.657280486374e-21	7.549241368944e-03	-7.549241368944e-03
1986                	1.508251659862e-02	-5.209513870974e-01	5.360339036960e-01	1.056985290793e+00	5.373364723039e-01	5.196488184895e-01	8.843826907215e-03	-5.284926453967e-01	7.541258299311e-03	-1.659432828428e-21	7.541258299311e-03	-7.541258299311e-03
1987                	1.509848038004e-02	-5.209198810550e-01	5.360183614350e-01	1.056938242490e+00	5.373055420618e-01	5.196327004283e-01	8.836420816739e-03	-5.284691212450e-01	7.549240190021e-03	-1.657280331442e-21	7.549240190021e-03	-7.549240190021e-03
1988                	1.508251457619e-02	-5.209513764790e-01	5.360338910552e-01	1.056985267534e+00	5.373364629474e-01	5.196488045868e-01	8.843829180348e-03	-5.284926337671e-01	7.541257288094e-03	-1.659432762752e-21	7.541257288094e-03	-7.541257288094e-03
1989                	1.509847739804e-02	-5.209198695740e-01	5.360183469721e-01	1.056938216546e+00	5.373055329808e-01	5.196326835653e-01	8.836424707726e-03	-5.284691082730e-01	7.549238699019e-03	-1.657280355216e-21	7.549238699019e-03	-7.549238699019e-03
1990                	1.508251138451e-02	-5.209513650190e-01	5.360338764035e-01	1.056985241422e+00	5.373364542715e-01	5.196487871510e-01	8.843833560258e-03	-5.284926207112e-01	7.541255692254e-03	-1.659432697780e-21	7.541255692254e-03	-7.541255692254e-03
1991                	1.509847514875e-02	-5.209198596487e-01	5.360183347975e-01	1.056938194446e+00	5.373055246352e-01	5.196326698110e-01	8.836427412099e-03	-5.284690972231e-01	7.549237574376e-03	-1.657280205519e-21	7.549237574376e-03	-7.549237574376e-03
1992                	1.508250907150e-02	-5.209513554050e-01	5.360338644765e-01	1.056985219881e+00	5.373364461126e-01	5.196487737688e-01	8.843836171875e-03	-5.284926099407e-01	7.541254535752e-03	-1.659432647453e-21	7.541254535752e-03	-7.541254535752e-03
1993                	1.509847148748e-02	-5.209198485652e-01	5.360183200527e-01	1.056938168618e+00	5.373055166376e-01	5.196326519804e-01	8.836432328595e-03	-5.284690843090e-01	7.549235743739e-03	-1.657280251666e-21	7.549235743739e-03	-7.549235743739e-03
1994                	1.508250501286e-02	-5.209513438870e-01	5.360338488998e-01	1.056985192787e+00	5.373364383106e-01	5.196487544762e-01	8.843841917236e-03	-5.284925963934e-01	7.541252506432e-03	-1.659432603738e-21	7.541252506432e-03	-7.541252506432e-03
1995                	1.509846843271e-02	-5.209198384290e-01	5.360183068617e-01	1.056938145291e+00	5.373055089073e-01	5.196326363833e-01	8.836436262025e-03	-5.284690726453e-01	7.549234216357e-03	-1.657280117218e-21	7.549234216357e-03	-7.549234216357e-03
1996                	1.508250211344e-02	-5.209513341809e-01	5.360338362944e-01	1.056985170475e+00	5.373364305669e-01	5.196487399085e-01	8.843845329184e-03	-5.284925852377e-01	7.541251056722e-03	-1.659432562869e-21	7.541251056722e-03	-7.541251056722e-03
1997                	1.509846431063e-02	-5.209198273978e-01	5.360182917084e-01	1.056938119106e+00	5.373055012927e-01	5.196326178134e-01	8.836441739654e-03	-5.284690595531e-01	7.549232155313e-03	-1.657280171347e-21	7.549232155313e-03	-7.549232155313e-03
1998                	1.508249767398e-02	-5.209513228394e-01	5.360338205133e-01	1.056985143353e+00	5.373364231277e-01	5.196487202250e-01	8.843851451329e-03	-5.284925716763e-01	7.541248836989e-03	-1.659432527202e-21	7.541248836989e-03	-7.541248836989e-03
1999                	1.509846109555e-02	-5.209198176568e-01	5.360182787524e-01	1.056938096409e+00	5.373054938379e-01	5.196326025713e-01	8.836445633300e-03	-5.284690482046e-01	7.549230547774e-03	-1.657280041173e-21	7.549230547774e-03	-7.549230547774e-03
2000                	1.508249489517e-02	-5.209513137846e-01	5.360338086798e-01	1.056985122464e+00	5.373364156270e-01	5.196487068375e-01	8.843854394746e-03	-5.284925612322e-01	7.541247447587e-03	-1.659432485636e-21	7.541247447587e-03	-7.541247447587e-03
