# Force and moment coefficients
# dragDir       : (9.97564050e-01 0.00000000e+00 6.97564737e-02)
# sideDir       : (0.00000000e+00 1.00000000e+00 -0.00000000e+00)
# liftDir       : (-6.97564737e-02 0.00000000e+00 9.97564050e-01)
# rollAxis      : (9.97564050e-01 0.00000000e+00 6.97564737e-02)
# pitchAxis     : (0.00000000e+00 1.00000000e+00 -0.00000000e+00)
# yawAxis       : (-6.97564737e-02 0.00000000e+00 9.97564050e-01)
# magUInf       : 5.00000000e+00
# lRef          : 1.20000000e-01
# Aref          : 5.76000000e-02
# CofR          : (3.00000000e-02 0.00000000e+00 0.00000000e+00)
#
# Time          	Cd              	Cd(f)           	Cd(r)           	Cl              	Cl(f)           	Cl(r)           	CmPitch         	CmRoll          	CmYaw           	Cs              	Cs(f)           	Cs(r)           
1               	2.83859877e-01	1.36068385e+00	-1.07682398e+00	6.27797739e-01	1.51830377e-01	4.75967363e-01	-1.62068493e-01	1.21875392e+00	-5.55493302e-01	1.49449484e-04	-5.55418577e-01	5.55568027e-01
2               	3.47194536e-01	1.81720853e+00	-1.47001399e+00	8.43105505e-01	2.04616487e-01	6.38489017e-01	-2.16936265e-01	1.64361126e+00	-6.81628854e-01	4.80039655e-04	-6.81388834e-01	6.81868873e-01
3               	3.13766795e-01	1.71116106e+00	-1.39739426e+00	7.95201226e-01	2.05023022e-01	5.90178204e-01	-1.92577591e-01	1.55427766e+00	-6.17374184e-01	1.09421147e-03	-6.16827078e-01	6.17921289e-01
4               	2.24923665e-01	1.27502859e+00	-1.05010493e+00	5.93913542e-01	1.76308761e-01	4.17604781e-01	-1.20648010e-01	1.16256676e+00	-4.43644373e-01	1.92293465e-03	-4.42682906e-01	4.44605840e-01
5               	1.22162130e-01	7.43674495e-01	-6.21512365e-01	3.49362353e-01	1.39286707e-01	2.10075646e-01	-3.53944698e-02	6.82593430e-01	-2.41815311e-01	2.81777578e-03	-2.40406423e-01	2.43224199e-01
6               	3.37285117e-02	2.98408309e-01	-2.64679797e-01	1.46783564e-01	1.08247698e-01	3.85358657e-02	3.48559162e-02	2.81544053e-01	-6.74770409e-02	3.60246095e-03	-6.56758104e-02	6.92782714e-02
7               	-2.62098614e-02	2.99103649e-02	-5.61202263e-02	2.82570862e-02	8.97546672e-02	-6.14975810e-02	7.56261241e-02	4.30152956e-02	5.12751979e-02	4.13117342e-03	5.33407846e-02	-4.92096112e-02
...
131             	1.81403975e-02	5.53813943e-01	-5.35673546e-01	2.98909502e-01	1.56266728e-01	1.42642775e-01	6.81197672e-03	5.44743745e-01	-3.65863711e-02	3.50468962e-03	-3.48340263e-02	3.83387159e-02
132             	1.81530162e-02	5.54637393e-01	-5.36484377e-01	2.99390527e-01	1.56401233e-01	1.42989294e-01	6.70596946e-03	5.45560885e-01	-3.66097673e-02	3.50562225e-03	-3.48569561e-02	3.83625784e-02
133             	1.81646960e-02	5.55440143e-01	-5.37275447e-01	2.99860071e-01	1.56534204e-01	1.43325867e-01	6.60416808e-03	5.46357795e-01	-3.66315418e-02	3.50657879e-03	-3.48782524e-02	3.83848312e-02
134             	1.81754806e-02	5.56221977e-01	-5.38046497e-01	3.00317952e-01	1.56665410e-01	1.43652543e-01	6.50643366e-03	5.47134237e-01	-3.66517618e-02	3.50755585e-03	-3.48979838e-02	3.84055397e-02
135             	1.81860073e-02	5.56967879e-01	-5.38781871e-01	3.00755029e-01	1.56787187e-01	1.43967842e-01	6.40967231e-03	5.47874875e-01	-3.66715184e-02	3.50853455e-03	-3.49172511e-02	3.84257857e-02
136             	1.81957016e-02	5.57676711e-01	-5.39481009e-01	3.01170758e-01	1.56902079e-01	1.44268679e-01	6.31669970e-03	5.48578860e-01	-3.66898307e-02	3.50950808e-03	-3.49350767e-02	3.84445848e-02
137             	1.82042969e-02	5.58352931e-01	-5.40148634e-01	3.01567817e-01	1.57012993e-01	1.44554824e-01	6.22908440e-03	5.49250782e-01	-3.67062396e-02	3.51047572e-03	-3.49510017e-02	3.84614774e-02
138             	1.82117820e-02	5.59003341e-01	-5.40791559e-01	3.01950170e-01	1.57122345e-01	1.44827825e-01	6.14725979e-03	5.49897450e-01	-3.67207205e-02	3.51143960e-03	-3.49650007e-02	3.84764403e-02
139             	1.82182941e-02	5.59634469e-01	-5.41416175e-01	3.02321570e-01	1.57231640e-01	1.45089929e-01	6.07085551e-03	5.50525322e-01	-3.67335060e-02	3.51240246e-03	-3.49773048e-02	3.84897073e-02
140             	1.82240254e-02	5.60251051e-01	-5.42027025e-01	3.02684719e-01	1.57341450e-01	1.45343269e-01	5.99909084e-03	5.51139038e-01	-3.67449264e-02	3.51336677e-03	-3.49882430e-02	3.85016098e-02
141             	1.82291557e-02	5.60855527e-01	-5.42626371e-01	3.03040954e-01	1.57451599e-01	1.45589355e-01	5.93112205e-03	5.51740949e-01	-3.67553009e-02	3.51433409e-03	-3.49981338e-02	3.85124679e-02
142             	1.82338087e-02	5.61448295e-01	-5.43214486e-01	3.03390423e-01	1.57561471e-01	1.45828952e-01	5.86625911e-03	5.52331390e-01	-3.67648570e-02	3.51530507e-03	-3.50072045e-02	3.85225096e-02
143             	1.82380539e-02	5.62028368e-01	-5.43790314e-01	3.03732492e-01	1.57670288e-01	1.46062204e-01	5.80404219e-03	5.52909341e-01	-3.67737234e-02	3.51627953e-03	-3.50155836e-02	3.85318631e-02
144             	1.82419213e-02	5.62594127e-01	-5.44352206e-01	3.04066182e-01	1.57777324e-01	1.46288857e-01	5.74423361e-03	5.53473167e-01	-3.67819518e-02	3.51725653e-03	-3.50233236e-02	3.85405801e-02
145             	1.82454086e-02	5.63143935e-01	-5.44898527e-01	3.04390505e-01	1.57882028e-01	1.46508477e-01	5.68677539e-03	5.54021231e-01	-3.67895397e-02	3.51823467e-03	-3.50304224e-02	3.85486570e-02
146             	1.82485003e-02	5.63676439e-01	-5.45427939e-01	3.04704651e-01	1.57984056e-01	1.46720594e-01	5.63173107e-03	5.54552189e-01	-3.67964607e-02	3.51921224e-03	-3.50368546e-02	3.85560669e-02
147             	1.82511875e-02	5.64190827e-01	-5.45939640e-01	3.05008134e-01	1.58083276e-01	1.46924858e-01	5.57920895e-03	5.55065234e-01	-3.68026989e-02	3.52018768e-03	-3.50426051e-02	3.85627928e-02
148             	1.82534660e-02	5.64686833e-01	-5.46433367e-01	3.05300785e-01	1.58179705e-01	1.47121080e-01	5.52931261e-03	5.55560100e-01	-3.68082460e-02	3.52115933e-03	-3.50476663e-02	3.85688257e-02
149             	1.82553481e-02	5.65164644e-01	-5.46909296e-01	3.05582710e-01	1.58273464e-01	1.47309247e-01	5.48210851e-03	5.56036970e-01	-3.68131156e-02	3.52212568e-03	-3.50520528e-02	3.85741785e-02
150             	1.82568476e-02	5.65624673e-01	-5.47367825e-01	3.05854139e-01	1.58364710e-01	1.47489428e-01	5.43764100e-03	5.56496249e-01	-3.68173286e-02	3.52308555e-03	-3.50557858e-02	3.85788714e-02
