# Force and moment coefficients
# dragDir           : (9.848077530122e-01 1.736481776670e-01 0.000000000000e+00)
# sideDir           : (0.000000000000e+00 0.000000000000e+00 -1.000000000000e+00)
# liftDir           : (-1.736481776670e-01 9.848077530122e-01 0.000000000000e+00)
# rollAxis          : (9.848077530122e-01 1.736481776670e-01 0.000000000000e+00)
# pitchAxis         : (0.000000000000e+00 0.000000000000e+00 -1.000000000000e+00)
# yawAxis           : (-1.736481776670e-01 9.848077530122e-01 0.000000000000e+00)
# magUInf           : 1.000000000000e+00
# lRef              : 1.000000000000e+00
# Aref              : 1.000000000000e+00
# CofR              : (2.500000000000e-01 0.000000000000e+00 0.000000000000e+00)
#
# Time              	Cd                  	Cd(f)               	Cd(r)               	Cl                  	Cl(f)               	Cl(r)               	CmPitch             	CmRoll              	CmYaw               	Cs                  	Cs(f)               	Cs(r)               
1                   	6.869448498986e-01	-6.652353073446e-01	1.352180157243e+00	2.017415464588e+00	4.620218918825e-01	1.555393572705e+00	-5.466858404114e-01	-1.008707732294e+00	3.434724249493e-01	9.336663959207e-21	3.434724249493e-01	-3.434724249493e-01
2                   	3.362614823695e-01	-2.825686099318e-01	6.188300923013e-01	9.013987022332e-01	3.613580181121e-01	5.400406841210e-01	-8.934133300443e-02	-4.506993511166e-01	1.681307411847e-01	-4.998721438133e-21	1.681307411847e-01	-1.681307411847e-01
3                   	1.616565467085e-01	-1.787124151762e-01	3.403689618847e-01	5.190813770609e-01	3.287180726835e-01	1.903633043773e-01	6.917738415311e-02	-2.595406885304e-01	8.082827335423e-02	-1.071019302818e-21	8.082827335423e-02	-8.082827335423e-02
4                   	8.933542318053e-02	-2.040709551137e-01	2.934063782942e-01	4.974773334079e-01	3.141889604718e-01	1.832883729361e-01	6.545029376786e-02	-2.487386667040e-01	4.466771159026e-02	3.395084713763e-22	4.466771159026e-02	-4.466771159026e-02
5                   	6.047983617629e-02	-2.309682800709e-01	2.914481162472e-01	5.224163963181e-01	3.057639988397e-01	2.166523974784e-01	4.455580068062e-02	-2.612081981591e-01	3.023991808815e-02	1.842755504044e-22	3.023991808815e-02	-3.023991808815e-02
6                   	5.638252076288e-02	-2.628994722411e-01	3.192819930040e-01	5.821814652451e-01	3.116601392530e-01	2.705213259921e-01	2.056940663044e-02	-2.910907326225e-01	2.819126038144e-02	5.843846554510e-22	2.819126038144e-02	-2.819126038144e-02
7                   	6.054972562965e-02	-2.886412295464e-01	3.491909551761e-01	6.378321847225e-01	3.203149326815e-01	3.175172520409e-01	1.398840320304e-03	-3.189160923612e-01	3.027486281483e-02	6.784562063888e-22	3.027486281483e-02	-3.027486281483e-02
...
39981               	1.511475013099e-02	-5.200427681213e-01	5.351575182523e-01	1.055200286374e+00	5.366958923012e-01	5.185043940724e-01	9.095749114425e-03	-5.276001431868e-01	7.557375065493e-03	-1.699528696161e-21	7.557375065493e-03	-7.557375065493e-03
39982               	1.512068172568e-02	-5.200624544045e-01	5.351831361302e-01	1.055245590535e+00	5.367263685676e-01	5.185192219671e-01	9.103573300217e-03	-5.276227952673e-01	7.560340862838e-03	-1.698267546003e-21	7.560340862838e-03	-7.560340862838e-03
39983               	1.511473457554e-02	-5.200428159309e-01	5.351575505064e-01	1.055200366437e+00	5.366959346056e-01	5.185044318317e-01	9.095751386926e-03	-5.276001832187e-01	7.557367287771e-03	-1.699554237610e-21	7.557367287771e-03	-7.557367287771e-03
39984               	1.512065655921e-02	-5.200625114036e-01	5.351831679628e-01	1.055245679366e+00	5.367264100396e-01	5.185192693268e-01	9.103570356413e-03	-5.276228396832e-01	7.560328279605e-03	-1.698338292312e-21	7.560328279605e-03	-7.560328279605e-03
39985               	1.511474380687e-02	-5.200427958357e-01	5.351575396426e-01	1.055200335478e+00	5.366959150273e-01	5.185044204510e-01	9.095747288147e-03	-5.276001677391e-01	7.557371903433e-03	-1.699574701049e-21	7.557371903433e-03	-7.557371903433e-03
39986               	1.512068945739e-02	-5.200624312662e-01	5.351831207236e-01	1.055245551990e+00	5.367263374201e-01	5.185192145697e-01	9.103561425192e-03	-5.276227759949e-01	7.560344728697e-03	-1.698280634987e-21	7.560344728697e-03	-7.560344728697e-03
39987               	1.511473715158e-02	-5.200427915081e-01	5.351575286597e-01	1.055200320168e+00	5.366959112843e-01	5.185044088835e-01	9.095751200398e-03	-5.276001600839e-01	7.557368575792e-03	-1.699516483382e-21	7.557368575792e-03	-7.557368575792e-03
39988               	1.512067334414e-02	-5.200624808141e-01	5.351831541582e-01	1.055245634972e+00	5.367263870482e-01	5.185192479241e-01	9.103569562063e-03	-5.276228174862e-01	7.560336672071e-03	-1.698305658432e-21	7.560336672071e-03	-7.560336672071e-03
39989               	1.511470148223e-02	-5.200428469422e-01	5.351575484244e-01	1.055200395367e+00	5.366959828802e-01	5.185044124864e-01	9.095785196895e-03	-5.276001976833e-01	7.557350741116e-03	-1.699587652404e-21	7.557350741116e-03	-7.557350741116e-03
39990               	1.512066237107e-02	-5.200624445352e-01	5.351831069063e-01	1.055245551441e+00	5.367263798742e-01	5.185191715673e-01	9.103604153429e-03	-5.276227757207e-01	7.560331185536e-03	-1.698327137297e-21	7.560331185536e-03	-7.560331185536e-03
39991               	1.511472996462e-02	-5.200427533601e-01	5.351574833247e-01	1.055200236685e+00	5.366958954844e-01	5.185043412004e-01	9.095777141982e-03	-5.276001183424e-01	7.557364982311e-03	-1.699529896075e-21	7.557364982311e-03	-7.557364982311e-03
39992               	1.512066271529e-02	-5.200624450534e-01	5.351831077687e-01	1.055245552822e+00	5.367263810053e-01	5.185191718167e-01	9.103604594254e-03	-5.276227764110e-01	7.560331357647e-03	-1.698268096156e-21	7.560331357647e-03	-7.560331357647e-03
39993               	1.511470860444e-02	-5.200428027892e-01	5.351575113936e-01	1.055200314183e+00	5.366959681089e-01	5.185043460740e-01	9.095811017464e-03	-5.276001570914e-01	7.557354302218e-03	-1.699555016237e-21	7.557354302218e-03	-7.557354302218e-03
39994               	1.512061593318e-02	-5.200624884910e-01	5.351831044242e-01	1.055245592915e+00	5.367264559279e-01	5.185191369873e-01	9.103659470342e-03	-5.276227964576e-01	7.560307966588e-03	-1.698339629367e-21	7.560307966588e-03	-7.560307966588e-03
39995               	1.511470301661e-02	-5.200427618876e-01	5.351574649042e-01	1.055200226792e+00	5.366959403594e-01	5.185042864324e-01	9.095826963467e-03	-5.276001133959e-01	7.557351508303e-03	-1.699575528499e-21	7.557351508303e-03	-7.557351508303e-03
39996               	1.512065635045e-02	-5.200624049656e-01	5.351830613160e-01	1.055245466282e+00	5.367263631504e-01	5.185191031311e-01	9.103630009656e-03	-5.276227331408e-01	7.560328175225e-03	-1.698280392587e-21	7.560328175225e-03	-7.560328175225e-03
39997               	1.511470329822e-02	-5.200427676918e-01	5.351574709900e-01	1.055200238682e+00	5.366959535408e-01	5.185042851411e-01	9.095834199829e-03	-5.276001193409e-01	7.557351649110e-03	-1.699516248476e-21	7.557351649110e-03	-7.557351649110e-03
39998               	1.512063291034e-02	-5.200624500715e-01	5.351830829819e-01	1.055245533053e+00	5.367264296348e-01	5.185191034186e-01	9.103663108137e-03	-5.276227665267e-01	7.560316455169e-03	-1.698305842960e-21	7.560316455169e-03	-7.560316455169e-03
39999               	1.511466709423e-02	-5.200428134985e-01	5.351574805927e-01	1.055200294091e+00	5.366960016149e-01	5.185042924762e-01	9.095854569334e-03	-5.276001470456e-01	7.557333547114e-03	-1.699587356227e-21	7.557333547114e-03	-7.557333547114e-03
40000               	1.512064337100e-02	-5.200624208511e-01	5.351830642221e-01	1.055245485073e+00	5.367263867264e-01	5.185190983469e-01	9.103644189752e-03	-5.276227425366e-01	7.560321685499e-03	-1.698325789901e-21	7.560321685499e-03	-7.560321685499e-03
