# Force and moment coefficients
# dragDir           : (9.848077530122e-01 1.736481776670e-01 0.000000000000e+00)
# sideDir           : (0.000000000000e+00 0.000000000000e+00 -1.000000000000e+00)
# liftDir           : (-1.736481776670e-01 9.848077530122e-01 0.000000000000e+00)
# rollAxis          : (9.848077530122e-01 1.736481776670e-01 0.000000000000e+00)
# pitchAxis         : (0.000000000000e+00 0.000000000000e+00 -1.000000000000e+00)
# yawAxis           : (-1.736481776670e-01 9.848077530122e-01 0.000000000000e+00)
# magUInf           : 1.000000000000e+00
# lRef              : 1.000000000000e+00
# Aref              : 1.000000000000e+00
# CofR              : (2.500000000000e-01 0.000000000000e+00 0.000000000000e+00)
#
# Time              	Cd                  	Cd(f)               	Cd(r)               	Cl                  	Cl(f)               	Cl(r)               	CmPitch             	CmRoll              	CmYaw               	Cs                  	Cs(f)               	Cs(r)               
1                   	6.867643027127e-01	-6.648864371412e-01	1.351650739854e+00	2.016537176995e+00	4.618212534597e-01	1.554715923536e+00	-5.464473350379e-01	-1.008268588498e+00	3.433821513564e-01	9.326910909688e-21	3.433821513564e-01	-3.433821513564e-01
2                   	3.361356970186e-01	-2.940180775898e-01	6.301537746084e-01	9.241718521981e-01	3.651067383277e-01	5.590651138704e-01	-9.697918777137e-02	-4.620859260991e-01	1.680678485093e-01	-4.793129677161e-21	1.680678485093e-01	-1.680678485093e-01
3                   	1.637158304884e-01	-1.685300965418e-01	3.322459270302e-01	5.007760235720e-01	3.263931864526e-01	1.743828371194e-01	7.600517466663e-02	-2.503880117860e-01	8.185791524420e-02	-1.469617325222e-21	8.185791524420e-02	-8.185791524420e-02
4                   	8.489845532921e-02	-1.940246399411e-01	2.789230952703e-01	4.729477352114e-01	3.099934540932e-01	1.629542811182e-01	7.351958648754e-02	-2.364738676057e-01	4.244922766460e-02	-8.887767600748e-23	4.244922766460e-02	-4.244922766460e-02
5                   	6.199592291769e-02	-2.332995842991e-01	2.952955072168e-01	5.285950915160e-01	3.041676425157e-01	2.244274490003e-01	3.987009675770e-02	-2.642975457580e-01	3.099796145884e-02	-5.617662277304e-23	3.099796145884e-02	-3.099796145884e-02
6                   	5.944400025190e-02	-2.667480843401e-01	3.261920845920e-01	5.929401689320e-01	3.121018723234e-01	2.808382966087e-01	1.563178785737e-02	-2.964700844660e-01	2.972200012595e-02	3.576322216209e-22	2.972200012595e-02	-2.972200012595e-02
7                   	6.208207057789e-02	-2.911070141151e-01	3.531890846930e-01	6.442960988081e-01	3.225996313649e-01	3.216964674432e-01	4.515819608320e-04	-3.221480494040e-01	3.104103528894e-02	4.661541854168e-22	3.104103528894e-02	-3.104103528894e-02
...
39981               	1.508958576556e-02	-5.209327584848e-01	5.360223442503e-01	1.056955102735e+00	5.373210240504e-01	5.196340786847e-01	8.843472682844e-03	-5.284775513676e-01	7.544792882782e-03	-1.656426136125e-21	7.544792882782e-03	-7.544792882782e-03
39982               	1.509076448618e-02	-5.209248271479e-01	5.360155916341e-01	1.056940418782e+00	5.373095160323e-01	5.196309027498e-01	8.839306641280e-03	-5.284702093910e-01	7.545382243088e-03	-1.660720891501e-21	7.545382243088e-03	-7.545382243088e-03
39983               	1.508958651679e-02	-5.209327595972e-01	5.360223461139e-01	1.056955105711e+00	5.373210243302e-01	5.196340813809e-01	8.843471474610e-03	-5.284775528555e-01	7.544793258394e-03	-1.656426200326e-21	7.544793258394e-03	-7.544793258394e-03
39984               	1.509076458695e-02	-5.209248277388e-01	5.360155923258e-01	1.056940420065e+00	5.373095159675e-01	5.196309040971e-01	8.839305935210e-03	-5.284702100323e-01	7.545382293473e-03	-1.660720914444e-21	7.545382293473e-03	-7.545382293473e-03
39985               	1.508958606133e-02	-5.209327590820e-01	5.360223451433e-01	1.056955104225e+00	5.373210243696e-01	5.196340798556e-01	8.843472257000e-03	-5.284775521126e-01	7.544793030664e-03	-1.656426137574e-21	7.544793030664e-03	-7.544793030664e-03
39986               	1.509076436224e-02	-5.209248272030e-01	5.360155915652e-01	1.056940418768e+00	5.373095163834e-01	5.196309023848e-01	8.839306999285e-03	-5.284702093841e-01	7.545382181121e-03	-1.660720901432e-21	7.545382181121e-03	-7.545382181121e-03
39987               	1.508958610386e-02	-5.209327592020e-01	5.360223453059e-01	1.056955104508e+00	5.373210245983e-01	5.196340799096e-01	8.843472344321e-03	-5.284775522540e-01	7.544793051932e-03	-1.656426210981e-21	7.544793051932e-03	-7.544793051932e-03
39988               	1.509076401151e-02	-5.209248270158e-01	5.360155910273e-01	1.056940418043e+00	5.373095160793e-01	5.196309019638e-01	8.839307057739e-03	-5.284702090216e-01	7.545382005754e-03	-1.660720924866e-21	7.545382005754e-03	-7.545382005754e-03
39989               	1.508958550422e-02	-5.209327582747e-01	5.360223437789e-01	1.056955102054e+00	5.373210242691e-01	5.196340777845e-01	8.843473242315e-03	-5.284775510268e-01	7.544792752111e-03	-1.656426144670e-21	7.544792752111e-03	-7.544792752111e-03
39990               	1.509076401502e-02	-5.209248265849e-01	5.360155905999e-01	1.056940417185e+00	5.373095160795e-01	5.196309011053e-01	8.839307487115e-03	-5.284702085924e-01	7.545382007509e-03	-1.660720902657e-21	7.545382007509e-03	-7.545382007509e-03
39991               	1.508958612185e-02	-5.209327590207e-01	5.360223451425e-01	1.056955104163e+00	5.373210242199e-01	5.196340799433e-01	8.843472138323e-03	-5.284775520816e-01	7.544793060924e-03	-1.656426204327e-21	7.544793060924e-03	-7.544793060924e-03
39992               	1.509076446499e-02	-5.209248274401e-01	5.360155919051e-01	1.056940419345e+00	5.373095157686e-01	5.196309035766e-01	8.839306096018e-03	-5.284702096726e-01	7.545382232497e-03	-1.660720910742e-21	7.545382232497e-03	-7.545382232497e-03
39993               	1.508958615997e-02	-5.209327590807e-01	5.360223452407e-01	1.056955104321e+00	5.373210241680e-01	5.196340801534e-01	8.843472007317e-03	-5.284775521607e-01	7.544793079983e-03	-1.656426132130e-21	7.544793079983e-03	-7.544793079983e-03
39994               	1.509076460632e-02	-5.209248274607e-01	5.360155920670e-01	1.056940419528e+00	5.373095162413e-01	5.196309032864e-01	8.839306477421e-03	-5.284702097639e-01	7.545382303159e-03	-1.660720895252e-21	7.545382303159e-03	-7.545382303159e-03
39995               	1.508958641502e-02	-5.209327596096e-01	5.360223460247e-01	1.056955105634e+00	5.373210245425e-01	5.196340810918e-01	8.843471725379e-03	-5.284775528171e-01	7.544793207510e-03	-1.656426205843e-21	7.544793207510e-03	-7.544793207510e-03
39996               	1.509076433709e-02	-5.209248274901e-01	5.360155918271e-01	1.056940419317e+00	5.373095161207e-01	5.196309031965e-01	8.839306462106e-03	-5.284702096586e-01	7.545382168547e-03	-1.660720920735e-21	7.545382168547e-03	-7.545382168547e-03
39997               	1.508958574257e-02	-5.209327586781e-01	5.360223444207e-01	1.056955103099e+00	5.373210244380e-01	5.196340786608e-01	8.843472888602e-03	-5.284775515494e-01	7.544792871287e-03	-1.656426142852e-21	7.544792871287e-03	-7.544792871287e-03
39998               	1.509076402511e-02	-5.209248267302e-01	5.360155907553e-01	1.056940417485e+00	5.373095163538e-01	5.196309011316e-01	8.839307611117e-03	-5.284702087427e-01	7.545382012556e-03	-1.660720905737e-21	7.545382012556e-03	-7.545382012556e-03
39999               	1.508958585346e-02	-5.209327587919e-01	5.360223446454e-01	1.056955103437e+00	5.373210244435e-01	5.196340789938e-01	8.843472724813e-03	-5.284775517186e-01	7.544792926731e-03	-1.656426212986e-21	7.544792926731e-03	-7.544792926731e-03
40000               	1.509076399081e-02	-5.209248268594e-01	5.360155908502e-01	1.056940417710e+00	5.373095158174e-01	5.196309018922e-01	8.839306962625e-03	-5.284702088548e-01	7.545381995405e-03	-1.660720921948e-21	7.545381995405e-03	-7.545381995405e-03
