# Force and moment coefficients
# dragDir       : (9.97564050e-01 0.00000000e+00 6.97564737e-02)
# sideDir       : (0.00000000e+00 1.00000000e+00 -0.00000000e+00)
# liftDir       : (-6.97564737e-02 0.00000000e+00 9.97564050e-01)
# rollAxis      : (9.97564050e-01 0.00000000e+00 6.97564737e-02)
# pitchAxis     : (0.00000000e+00 1.00000000e+00 -0.00000000e+00)
# yawAxis       : (-6.97564737e-02 0.00000000e+00 9.97564050e-01)
# magUInf       : 5.00000000e+00
# lRef          : 1.20000000e-01
# Aref          : 5.76000000e-02
# CofR          : (3.00000000e-02 0.00000000e+00 0.00000000e+00)
#
# Time          	Cd              	Cd(f)           	Cd(r)           	Cl              	Cl(f)           	Cl(r)           	CmPitch         	CmRoll          	CmYaw           	Cs              	Cs(f)           	Cs(r)           
1               	3.35752792e-01	1.30725601e+00	-9.71503216e-01	5.80165156e-01	1.30997651e-01	4.49167505e-01	-1.59084927e-01	1.13937961e+00	-6.61790301e-01	1.53934369e-04	-6.61713334e-01	6.61867268e-01
2               	3.62935612e-01	1.67689959e+00	-1.31396398e+00	7.60009268e-01	1.74134427e-01	5.85874840e-01	-2.05870207e-01	1.49543178e+00	-7.18372693e-01	7.63351465e-04	-7.17991017e-01	7.18754368e-01
3               	3.09477627e-01	1.54294674e+00	-1.23346911e+00	7.05743501e-01	1.76503487e-01	5.29240015e-01	-1.76368264e-01	1.38820793e+00	-6.13560699e-01	1.72616866e-03	-6.12697615e-01	6.14423784e-01
4               	2.15829211e-01	1.12940137e+00	-9.13572155e-01	5.21106413e-01	1.57824842e-01	3.63281570e-01	-1.02728364e-01	1.02148676e+00	-4.28161605e-01	2.89037367e-03	-4.26716418e-01	4.29606792e-01
5               	1.12413148e-01	6.56962582e-01	-5.44549433e-01	3.09863663e-01	1.33408818e-01	1.76454845e-01	-2.15230138e-02	6.00756008e-01	-2.23104236e-01	3.95621877e-03	-2.21126126e-01	2.25082345e-01
6               	2.70864075e-02	2.77959858e-01	-2.50873451e-01	1.41966512e-01	1.13359443e-01	2.86070695e-02	4.23761866e-02	2.64416654e-01	-5.33876064e-02	4.68349914e-03	-5.10458569e-02	5.57293560e-02
7               	-3.09159292e-02	6.23079020e-02	-9.32238312e-02	4.96786880e-02	1.02662617e-01	-5.29839293e-02	7.78232733e-02	7.77658666e-02	6.22425777e-02	4.95735813e-03	6.47212568e-02	-5.97638986e-02
...
481             	2.00973802e-02	5.87963536e-01	-5.67866155e-01	3.19617509e-01	1.62945738e-01	1.56671771e-01	3.13698350e-03	5.77914846e-01	-4.00678126e-02	4.57124577e-03	-3.77821897e-02	4.23534355e-02
482             	1.96059945e-02	5.87761814e-01	-5.68155820e-01	3.19641384e-01	1.62957485e-01	1.56683899e-01	3.13679330e-03	5.77958817e-01	-3.91604383e-02	4.57138546e-03	-3.68747456e-02	4.14461310e-02
483             	2.00974632e-02	5.87965614e-01	-5.67868151e-01	3.19618722e-01	1.62946112e-01	1.56672610e-01	3.13675067e-03	5.77916882e-01	-4.00681059e-02	4.57124993e-03	-3.77824809e-02	4.23537309e-02
484             	1.96060486e-02	5.87763860e-01	-5.68157811e-01	3.19642586e-01	1.62957853e-01	1.56684733e-01	3.13655991e-03	5.77960835e-01	-3.91606484e-02	4.57139196e-03	-3.68749524e-02	4.14463443e-02
485             	2.00974174e-02	5.87967588e-01	-5.67870171e-01	3.19619907e-01	1.62946493e-01	1.56673413e-01	3.13654013e-03	5.77918880e-01	-4.00678795e-02	4.57125064e-03	-3.77822542e-02	4.23535049e-02
486             	1.96060524e-02	5.87765846e-01	-5.68159793e-01	3.19643747e-01	1.62958219e-01	1.56685528e-01	3.13634519e-03	5.77962820e-01	-3.91605891e-02	4.57139663e-03	-3.68748908e-02	4.14462875e-02
487             	2.00975856e-02	5.87969620e-01	-5.67872034e-01	3.19621042e-01	1.62946841e-01	1.56674201e-01	3.13631955e-03	5.77920827e-01	-4.00684667e-02	4.57125758e-03	-3.77828379e-02	4.23540955e-02
488             	1.96061113e-02	5.87767805e-01	-5.68161694e-01	3.19644870e-01	1.62958572e-01	1.56686298e-01	3.13613709e-03	5.77964750e-01	-3.91607641e-02	4.57140535e-03	-3.68750614e-02	4.14464668e-02
489             	2.00974818e-02	5.87971433e-01	-5.67873951e-01	3.19622136e-01	1.62947203e-01	1.56674933e-01	3.13613473e-03	5.77922692e-01	-4.00680412e-02	4.57126305e-03	-3.77824096e-02	4.23536727e-02
490             	1.96060645e-02	5.87769521e-01	-5.68163457e-01	3.19645911e-01	1.62958920e-01	1.56686991e-01	3.13596426e-03	5.77966489e-01	-3.91605932e-02	4.57141237e-03	-3.68748870e-02	4.14462994e-02
491             	2.00976369e-02	5.87973125e-01	-5.67875488e-01	3.19623128e-01	1.62947531e-01	1.56675596e-01	3.13596748e-03	5.77924307e-01	-4.00686139e-02	4.57127357e-03	-3.77829771e-02	4.23542507e-02
492             	1.96061563e-02	5.87771125e-01	-5.68164968e-01	3.19646881e-01	1.62959250e-01	1.56687631e-01	3.13580959e-03	5.77968047e-01	-3.91608974e-02	4.57142018e-03	-3.68751873e-02	4.14466074e-02
493             	2.00974859e-02	5.87974560e-01	-5.67877074e-01	3.19624074e-01	1.62947871e-01	1.56676204e-01	3.13583355e-03	5.77925817e-01	-4.00680087e-02	4.57127749e-03	-3.77823700e-02	4.23536475e-02
494             	1.96060959e-02	5.87772519e-01	-5.68166423e-01	3.19647784e-01	1.62959576e-01	1.56688208e-01	3.13568428e-03	5.77969471e-01	-3.91606277e-02	4.57142510e-03	-3.68749151e-02	4.14463402e-02
495             	2.00976692e-02	5.87976029e-01	-5.67878360e-01	3.19624950e-01	1.62948167e-01	1.56676783e-01	3.13569226e-03	5.77927195e-01	-4.00686806e-02	4.57128435e-03	-3.77830385e-02	4.23543228e-02
496             	1.96061628e-02	5.87773972e-01	-5.68167809e-01	3.19648665e-01	1.62959877e-01	1.56688788e-01	3.13554427e-03	5.77970890e-01	-3.91608964e-02	4.57142660e-03	-3.68751831e-02	4.14466097e-02
497             	2.00974513e-02	5.87977379e-01	-5.67879927e-01	3.19625829e-01	1.62948481e-01	1.56677348e-01	3.13556687e-03	5.77928653e-01	-4.00678854e-02	4.57128226e-03	-3.77822443e-02	4.23535266e-02
498             	1.96061328e-02	5.87775359e-01	-5.68169226e-01	3.19649510e-01	1.62960154e-01	1.56689355e-01	3.13539944e-03	5.77972292e-01	-3.91607765e-02	4.57142921e-03	-3.68750619e-02	4.14464911e-02
499             	2.00976371e-02	5.87978862e-01	-5.67881225e-01	3.19626659e-01	1.62948730e-01	1.56677929e-01	3.13540064e-03	5.77930043e-01	-4.00685262e-02	4.57128940e-03	-3.77828815e-02	4.23541709e-02
500             	1.96061768e-02	5.87776807e-01	-5.68170630e-01	3.19650346e-01	1.62960418e-01	1.56689928e-01	3.13524470e-03	5.77973719e-01	-3.91608984e-02	4.57143432e-03	-3.68751813e-02	4.14466156e-02
