# Solver information
# Time          	U_solver        	Ux_initial      	Ux_final        	Ux_iters        	Uy_initial      	Uy_final        	Uy_iters        	Uz_initial      	Uz_final        	Uz_iters        	U_converged     	nuTilda_solver  	nuTilda_initial 	nuTilda_final   	nuTilda_iters   	nuTilda_converged	p_solver        	p_initial       	p_final         	p_iters         	p_converged     
1               	smoothSolver	9.99999700e-01	8.06713160e-02	9	1.00000000e+00	9.69229560e-02	7	9.99999660e-01	9.77939670e-02	9	false	smoothSolver	9.99999990e-01	8.11980270e-02	1	true	GAMG	1.00000000e+00	9.03110260e-03	14	true
2               	smoothSolver	3.31830490e-03	1.59399370e-04	4	1.85909930e-01	1.04048950e-02	3	1.37219860e-02	7.07440220e-04	4	false	smoothSolver	4.50278420e-04	2.63099810e-05	3	true	GAMG	5.35714140e-03	5.07757920e-05	8	true
3               	smoothSolver	1.74738840e-03	8.58479910e-05	4	1.45816210e-01	7.94595660e-03	3	4.86714550e-03	2.49107220e-04	4	false	smoothSolver	1.42948410e-03	7.75113140e-05	2	true	GAMG	6.22057010e-03	4.12503860e-05	7	true
4               	smoothSolver	1.11448230e-03	5.47932200e-05	4	9.66416820e-02	5.17207200e-03	3	2.79859930e-03	1.41255840e-04	4	false	smoothSolver	6.43820910e-04	3.70229020e-05	3	true	GAMG	7.11819140e-03	5.32493240e-05	8	true
5               	smoothSolver	7.10182810e-04	3.41001140e-05	4	6.05500170e-02	3.16328480e-03	3	1.61442260e-03	1.61417850e-04	3	false	smoothSolver	4.07915020e-03	2.59242070e-04	2	true	GAMG	8.11290200e-03	6.72585090e-05	9	true
6               	smoothSolver	4.98508160e-04	4.90542690e-05	3	3.92300430e-02	1.99745220e-03	3	1.13490080e-03	9.90610890e-05	3	false	smoothSolver	2.67114400e-03	1.48030120e-04	3	true	GAMG	1.25605690e-02	1.22992430e-04	10	true
7               	smoothSolver	4.33140380e-04	4.16198160e-05	3	2.85151100e-02	1.40447070e-03	3	1.34750420e-03	1.22913650e-04	3	false	smoothSolver	2.81234930e-03	2.04723230e-04	2	true	GAMG	2.12000780e-02	1.84302710e-04	10	true
8               	smoothSolver	4.49196620e-04	4.37785250e-05	3	2.35456890e-02	1.09425980e-03	3	1.80222470e-03	1.73083010e-04	3	false	smoothSolver	1.20208820e-03	6.63426980e-05	3	true	GAMG	9.74298430e-03	9.39657570e-05	7	true
9               	smoothSolver	4.71950050e-04	4.67034460e-05	3	2.11750810e-02	9.08010230e-04	3	2.09791810e-03	2.00491180e-04	3	false	smoothSolver	9.13271150e-04	7.55551890e-05	2	true	GAMG	8.70407460e-03	7.75784910e-05	7	true
10              	smoothSolver	4.60609430e-04	4.46348190e-05	3	2.03693580e-02	7.90911810e-04	3	2.08949490e-03	1.89084580e-04	3	false	smoothSolver	5.13764890e-04	2.82993230e-05	3	true	GAMG	8.17708570e-03	6.08584650e-05	8	true
11              	smoothSolver	4.28916500e-04	3.90813870e-05	3	2.11160720e-02	2.02960800e-03	2	1.93704000e-03	1.57658850e-04	3	false	smoothSolver	5.61014530e-04	4.88481030e-05	2	true	GAMG	7.65917920e-03	6.85072470e-05	8	true
12              	smoothSolver	3.93710420e-04	3.35493220e-05	3	2.30418450e-02	2.15560190e-03	2	1.90185420e-03	1.44030970e-04	3	false	smoothSolver	3.52243090e-04	1.95543460e-05	3	true	GAMG	8.81135470e-03	7.60522240e-05	8	true
13              	smoothSolver	3.65105720e-04	2.98027670e-05	3	2.51663340e-02	2.32935190e-03	2	1.95968390e-03	1.47004520e-04	3	false	smoothSolver	4.36234400e-04	3.86327880e-05	2	true	GAMG	1.64234590e-02	1.39612670e-04	7	true
14              	smoothSolver	3.37370480e-04	2.66862640e-05	3	2.68890660e-02	2.44897420e-03	2	1.90382480e-03	1.40943000e-04	3	false	smoothSolver	2.83983420e-04	1.57953550e-05	3	true	GAMG	5.79283900e-02	5.68005120e-04	6	true
15              	smoothSolver	3.10638470e-04	2.39245080e-05	3	2.77998900e-02	2.45735700e-03	2	1.72165190e-03	1.20077750e-04	3	false	smoothSolver	3.66967740e-04	3.31363410e-05	2	true	GAMG	7.82732050e-02	5.27618080e-04	7	true
16              	smoothSolver	2.83732570e-04	2.13530820e-05	3	2.78386390e-02	2.36547090e-03	2	1.52066730e-03	9.54817280e-05	3	false	smoothSolver	2.39168580e-04	1.35054860e-05	3	true	GAMG	3.83050750e-02	2.82728750e-04	7	true
17              	smoothSolver	2.61416680e-04	1.93781160e-05	3	2.72325920e-02	2.20767730e-03	2	1.41145330e-03	7.91265650e-05	3	false	smoothSolver	3.10356360e-04	2.88797360e-05	2	true	GAMG	3.31868110e-02	2.53480780e-04	7	true
18              	smoothSolver	2.47061510e-04	1.81692680e-05	3	2.62817250e-02	2.02729460e-03	2	1.40070170e-03	7.28452980e-05	3	false	smoothSolver	2.03955900e-04	1.15926840e-05	3	true	GAMG	4.51316490e-02	3.27667560e-04	7	true
...
481             	smoothSolver	9.56183940e-07	5.57253710e-08	3	3.08101360e-06	1.37725560e-07	3	9.00559590e-07	4.58554530e-08	3	false	smoothSolver	1.92889930e-05	1.46926340e-06	2	true	GAMG	5.64502050e-05	4.80726690e-07	6	true
482             	smoothSolver	8.87984630e-07	5.25924260e-08	3	2.97075370e-06	1.33002230e-07	3	8.57652420e-07	4.37964370e-08	3	false	smoothSolver	1.48660430e-05	1.44366830e-06	2	true	GAMG	5.62437210e-05	4.79821750e-07	6	true
483             	smoothSolver	9.56398970e-07	5.57456120e-08	3	3.06508100e-06	1.37338900e-07	3	8.98014040e-07	4.57262670e-08	3	false	smoothSolver	1.95709260e-05	1.46834200e-06	2	true	GAMG	5.61068240e-05	4.74390080e-07	6	true
484             	smoothSolver	8.88345090e-07	5.25988520e-08	3	2.95680890e-06	1.32697880e-07	3	8.56330330e-07	4.37169210e-08	3	false	smoothSolver	1.50807120e-05	1.45310870e-06	2	true	GAMG	5.63163840e-05	4.80577250e-07	6	true
485             	smoothSolver	9.55578510e-07	5.56653040e-08	3	3.04464020e-06	1.36500900e-07	3	8.96547540e-07	4.56926100e-08	3	false	smoothSolver	1.94562430e-05	1.45581640e-06	2	true	GAMG	5.61186010e-05	4.81480190e-07	6	true
486             	smoothSolver	8.87478070e-07	5.25611110e-08	3	2.93319830e-06	1.31931670e-07	3	8.53345060e-07	4.35749230e-08	3	false	smoothSolver	1.48665620e-05	1.44280990e-06	2	true	GAMG	5.58666690e-05	4.80257460e-07	6	true
487             	smoothSolver	9.56067970e-07	5.57054310e-08	3	3.02840800e-06	1.36200590e-07	3	8.93452200e-07	4.55120520e-08	3	false	smoothSolver	1.95284270e-05	1.47578580e-06	2	true	GAMG	5.57886800e-05	4.77080960e-07	6	true
488             	smoothSolver	8.87698750e-07	5.25370550e-08	3	2.91522450e-06	1.31340790e-07	3	8.51947540e-07	4.35649080e-08	3	false	smoothSolver	1.49630660e-05	1.44499930e-06	2	true	GAMG	5.57228320e-05	4.75178430e-07	6	true
489             	smoothSolver	9.54659980e-07	5.55957480e-08	3	2.99573060e-06	1.34883210e-07	3	8.91555710e-07	4.54335070e-08	3	false	smoothSolver	1.94410480e-05	1.48473430e-06	2	true	GAMG	5.57745810e-05	4.74740190e-07	6	true
490             	smoothSolver	8.86892560e-07	5.25015290e-08	3	2.88526140e-06	1.30489270e-07	3	8.48792430e-07	4.33960940e-08	3	false	smoothSolver	1.50378060e-05	1.46977380e-06	2	true	GAMG	5.57775400e-05	4.76750260e-07	6	true
491             	smoothSolver	9.55636610e-07	5.56674210e-08	3	2.97989700e-06	1.34719580e-07	3	8.88874360e-07	4.53285310e-08	3	false	smoothSolver	1.97790500e-05	1.50820250e-06	2	true	GAMG	5.58499310e-05	4.74675250e-07	6	true
492             	smoothSolver	8.87296400e-07	5.25181020e-08	3	2.86553830e-06	1.29988870e-07	3	8.46614190e-07	4.32767480e-08	3	false	smoothSolver	1.50256580e-05	1.44936190e-06	2	true	GAMG	5.57989870e-05	4.70399320e-07	6	true
493             	smoothSolver	9.54069750e-07	5.55371820e-08	3	2.94553810e-06	1.33473480e-07	3	8.85928900e-07	4.51712580e-08	3	false	smoothSolver	1.92366430e-05	1.43908350e-06	2	true	GAMG	5.55431100e-05	4.69983240e-07	6	true
494             	smoothSolver	8.86094700e-07	5.24274950e-08	3	2.82963840e-06	1.28671200e-07	3	8.42911050e-07	4.31435560e-08	3	false	smoothSolver	1.46910780e-05	1.43153250e-06	2	true	GAMG	5.55669870e-05	4.69999160e-07	6	true
495             	smoothSolver	9.55053050e-07	5.56331270e-08	3	2.92339970e-06	1.33326910e-07	3	8.82758690e-07	4.50561200e-08	3	false	smoothSolver	1.94101290e-05	1.46435230e-06	2	true	GAMG	5.56060880e-05	4.72300110e-07	6	true
496             	smoothSolver	8.86746000e-07	5.24671480e-08	3	2.80660910e-06	1.28571590e-07	3	8.40469570e-07	4.30686080e-08	3	false	smoothSolver	1.48549790e-05	1.44466010e-06	2	true	GAMG	5.55172540e-05	4.69369100e-07	6	true
497             	smoothSolver	9.53394660e-07	5.54880170e-08	3	2.88317560e-06	1.32087120e-07	3	8.79612670e-07	4.49600590e-08	3	false	smoothSolver	1.92394810e-05	1.45190040e-06	2	true	GAMG	5.52219680e-05	4.70875900e-07	6	true
498             	smoothSolver	8.85592760e-07	5.23863810e-08	3	2.76654330e-06	1.27433160e-07	3	8.36419160e-07	4.28616090e-08	3	false	smoothSolver	1.47807600e-05	1.44661140e-06	2	true	GAMG	5.51657410e-05	4.70802130e-07	6	true
499             	smoothSolver	9.54360400e-07	5.55665600e-08	3	2.85667430e-06	1.31767530e-07	3	8.75980810e-07	4.47789350e-08	3	false	smoothSolver	1.96745260e-05	1.49038840e-06	2	true	GAMG	5.49857280e-05	4.65374400e-07	6	true
500             	smoothSolver	8.85947060e-07	5.23996040e-08	3	2.73801210e-06	1.26894480e-07	3	8.33884890e-07	4.28460070e-08	3	false	smoothSolver	1.50450840e-05	1.44121710e-06	2	true	GAMG	5.49733250e-05	4.68556870e-07	6	true
