# Force and moment coefficients
# dragDir           : (9.848077530122e-01 1.736481776670e-01 0.000000000000e+00)
# sideDir           : (0.000000000000e+00 0.000000000000e+00 -1.000000000000e+00)
# liftDir           : (-1.736481776670e-01 9.848077530122e-01 0.000000000000e+00)
# rollAxis          : (9.848077530122e-01 1.736481776670e-01 0.000000000000e+00)
# pitchAxis         : (0.000000000000e+00 0.000000000000e+00 -1.000000000000e+00)
# yawAxis           : (-1.736481776670e-01 9.848077530122e-01 0.000000000000e+00)
# magUInf           : 1.000000000000e+00
# lRef              : 1.000000000000e+00
# Aref              : 1.000000000000e+00
# CofR              : (2.500000000000e-01 0.000000000000e+00 0.000000000000e+00)
#
# Time              	Cd                  	Cd(f)               	Cd(r)               	Cl                  	Cl(f)               	Cl(r)               	CmPitch             	CmRoll              	CmYaw               	Cs                  	Cs(f)               	Cs(r)               
1                   	1.228477236386e+01	-1.158548865768e+01	2.387026102154e+01	3.545574967922e+01	7.646123358271e+00	2.780962632095e+01	-1.008175148134e+01	-1.772787483961e+01	6.142386181929e+00	2.008366524225e-20	6.142386181929e+00	-6.142386181929e+00
2                   	1.797174008335e+00	-8.302982399770e-01	2.627472248312e+00	3.457770488289e+00	9.459185116477e-01	2.511851976641e+00	-7.829667324967e-01	-1.728885244144e+00	8.985870041674e-01	9.212564486353e-21	8.985870041674e-01	-8.985870041674e-01
3                   	2.039821609093e-01	2.764346150995e-01	-7.245245419018e-02	-3.488870692897e-01	1.414448131725e-01	-4.903318824622e-01	3.158883478174e-01	1.744435346448e-01	1.019910804547e-01	5.505332894218e-22	1.019910804547e-01	-1.019910804547e-01
4                   	2.643266984626e-01	9.239042386398e-02	1.719362745986e-01	7.954585073466e-02	1.377095055215e-01	-5.816365478681e-02	9.793658015414e-02	-3.977292536733e-02	1.321633492313e-01	3.725333253543e-23	1.321633492313e-01	-1.321633492313e-01
5                   	2.389498625392e-01	5.142668621883e-02	1.875231763203e-01	1.360964901015e-01	1.467155318246e-01	-1.061904172313e-02	7.866728677388e-02	-6.804824505075e-02	1.194749312696e-01	1.400263825903e-22	1.194749312696e-01	-1.194749312696e-01
6                   	2.105269174066e-01	3.358138371167e-02	1.769455336949e-01	1.433641499833e-01	1.498466786336e-01	-6.482528650341e-03	7.816460364197e-02	-7.168207499163e-02	1.052634587033e-01	1.388383938607e-22	1.052634587033e-01	-1.052634587033e-01
7                   	1.926622419232e-01	1.613649890165e-02	1.765257430215e-01	1.603892441199e-01	1.552793469972e-01	5.109897122695e-03	7.508472493724e-02	-8.019462205994e-02	9.633112096159e-02	1.158351265470e-22	9.633112096159e-02	-9.633112096159e-02
...
41036               	1.205548674663e-02	-5.328655303731e-01	5.449210171197e-01	1.077786547493e+00	5.449858592060e-01	5.328006882867e-01	6.092585459650e-03	-5.388932737464e-01	6.027743373315e-03	4.321324005513e-22	6.027743373315e-03	-6.027743373315e-03
41037               	1.205548623449e-02	-5.328655261701e-01	5.449210124046e-01	1.077786538575e+00	5.449858563092e-01	5.328006822655e-01	6.092587021875e-03	-5.388932692874e-01	6.027743117246e-03	4.321323960614e-22	6.027743117246e-03	-6.027743117246e-03
41038               	1.205548572246e-02	-5.328655219677e-01	5.449210076902e-01	1.077786529658e+00	5.449858534129e-01	5.328006762451e-01	6.092588583907e-03	-5.388932648290e-01	6.027742861228e-03	4.321323915725e-22	6.027742861228e-03	-6.027742861228e-03
41039               	1.205548521036e-02	-5.328655177656e-01	5.449210029759e-01	1.077786520741e+00	5.449858505166e-01	5.328006702249e-01	6.092590145832e-03	-5.388932603707e-01	6.027742605180e-03	4.321323870837e-22	6.027742605180e-03	-6.027742605180e-03
41040               	1.205548469839e-02	-5.328655135640e-01	5.449209982624e-01	1.077786511826e+00	5.449858476208e-01	5.328006642056e-01	6.092591707590e-03	-5.388932559132e-01	6.027742349195e-03	4.321323825951e-22	6.027742349195e-03	-6.027742349195e-03
41041               	1.205548418645e-02	-5.328655093626e-01	5.449209935491e-01	1.077786502912e+00	5.449858447250e-01	5.328006581866e-01	6.092593269195e-03	-5.388932514558e-01	6.027742093225e-03	4.321323781072e-22	6.027742093225e-03	-6.027742093225e-03
41042               	1.205548367450e-02	-5.328655051617e-01	5.449209888362e-01	1.077786493998e+00	5.449858418296e-01	5.328006521683e-01	6.092594830660e-03	-5.388932469990e-01	6.027741837251e-03	4.321323736199e-22	6.027741837251e-03	-6.027741837251e-03
41043               	1.205548316265e-02	-5.328655009613e-01	5.449209841239e-01	1.077786485085e+00	5.449858389346e-01	5.328006461506e-01	6.092596391993e-03	-5.388932425426e-01	6.027741581324e-03	4.321323691326e-22	6.027741581324e-03	-6.027741581324e-03
41044               	1.205548265079e-02	-5.328654967611e-01	5.449209794119e-01	1.077786476173e+00	5.449858360397e-01	5.328006401333e-01	6.092597953197e-03	-5.388932380865e-01	6.027741325397e-03	4.321323646459e-22	6.027741325397e-03	-6.027741325397e-03
41045               	1.205548213895e-02	-5.328654925614e-01	5.449209747004e-01	1.077786467262e+00	5.449858331451e-01	5.328006341166e-01	6.092599514232e-03	-5.388932336309e-01	6.027741069477e-03	4.321323601593e-22	6.027741069477e-03	-6.027741069477e-03
41046               	1.205548162720e-02	-5.328654883620e-01	5.449209699892e-01	1.077786458351e+00	5.449858302508e-01	5.328006281005e-01	6.092601075151e-03	-5.388932291756e-01	6.027740813598e-03	4.321323556735e-22	6.027740813598e-03	-6.027740813598e-03
41047               	1.205548111548e-02	-5.328654841631e-01	5.449209652786e-01	1.077786449442e+00	5.449858273568e-01	5.328006220850e-01	6.092602635880e-03	-5.388932247209e-01	6.027740557738e-03	4.321323511882e-22	6.027740557738e-03	-6.027740557738e-03
41048               	1.205548060379e-02	-5.328654799646e-01	5.449209605684e-01	1.077786440533e+00	5.449858244630e-01	5.328006160700e-01	6.092604196521e-03	-5.388932202665e-01	6.027740301897e-03	4.321323467027e-22	6.027740301897e-03	-6.027740301897e-03
41049               	1.205548009211e-02	-5.328654757665e-01	5.449209558586e-01	1.077786431625e+00	5.449858215695e-01	5.328006100556e-01	6.092605756973e-03	-5.388932158125e-01	6.027740046054e-03	4.321323422183e-22	6.027740046054e-03	-6.027740046054e-03
41050               	1.205547958055e-02	-5.328654715688e-01	5.449209511493e-01	1.077786422718e+00	5.449858186763e-01	5.328006040417e-01	6.092607317301e-03	-5.388932113590e-01	6.027739790273e-03	4.321323377338e-22	6.027739790273e-03	-6.027739790273e-03
41051               	1.205547906893e-02	-5.328654673713e-01	5.449209464403e-01	1.077786413812e+00	5.449858157833e-01	5.328005980283e-01	6.092608877505e-03	-5.388932069058e-01	6.027739534463e-03	4.321323332500e-22	6.027739534463e-03	-6.027739534463e-03
41052               	1.205547855736e-02	-5.328654631744e-01	5.449209417318e-01	1.077786404906e+00	5.449858128906e-01	5.328005920155e-01	6.092610437548e-03	-5.388932024531e-01	6.027739278679e-03	4.321323287664e-22	6.027739278679e-03	-6.027739278679e-03
41053               	1.205547804590e-02	-5.328654589778e-01	5.449209370237e-01	1.077786396001e+00	5.449858099982e-01	5.328005860033e-01	6.092611997455e-03	-5.388931980007e-01	6.027739022949e-03	4.321323242831e-22	6.027739022949e-03	-6.027739022949e-03
41054               	1.205547753440e-02	-5.328654547816e-01	5.449209323160e-01	1.077786387098e+00	5.449858071061e-01	5.328005799916e-01	6.092613557211e-03	-5.388931935488e-01	6.027738767199e-03	4.321323198008e-22	6.027738767199e-03	-6.027738767199e-03
41055               	1.205547702299e-02	-5.328654505859e-01	5.449209276089e-01	1.077786378195e+00	5.449858042142e-01	5.328005739806e-01	6.092615116809e-03	-5.388931890974e-01	6.027738511493e-03	4.321323153183e-22	6.027738511493e-03	-6.027738511493e-03
