# Force and moment coefficients
# dragDir           : (9.848077530122e-01 1.736481776670e-01 0.000000000000e+00)
# sideDir           : (0.000000000000e+00 0.000000000000e+00 -1.000000000000e+00)
# liftDir           : (-1.736481776670e-01 9.848077530122e-01 0.000000000000e+00)
# rollAxis          : (9.848077530122e-01 1.736481776670e-01 0.000000000000e+00)
# pitchAxis         : (0.000000000000e+00 0.000000000000e+00 -1.000000000000e+00)
# yawAxis           : (-1.736481776670e-01 9.848077530122e-01 0.000000000000e+00)
# magUInf           : 1.000000000000e+00
# lRef              : 1.000000000000e+00
# Aref              : 1.000000000000e+00
# CofR              : (2.500000000000e-01 0.000000000000e+00 0.000000000000e+00)
#
# Time              	Cd                  	Cd(f)               	Cd(r)               	Cl                  	Cl(f)               	Cl(r)               	CmPitch             	CmRoll              	CmYaw               	Cs                  	Cs(f)               	Cs(r)               
1                   	2.860345572922e+00	-2.773877325655e+00	5.634222898577e+00	8.408100224231e+00	1.836258341173e+00	6.571841883059e+00	-2.367791770943e+00	-4.204050112116e+00	1.430172786461e+00	-1.492081036607e-20	1.430172786461e+00	-1.430172786461e+00
2                   	6.792013747412e-01	-6.151572782787e-01	1.294358653020e+00	1.909515931299e+00	6.664369393938e-01	1.243078991905e+00	-2.883210262555e-01	-9.547579656493e-01	3.396006873706e-01	-2.406768421532e-20	3.396006873706e-01	-3.396006873706e-01
3                   	-6.649862828938e-02	2.244248877569e-01	-2.909235160463e-01	-5.153484038032e-01	1.147958465030e-01	-6.301442503062e-01	3.724700484046e-01	2.576742019016e-01	-3.324931414469e-02	-8.786965440186e-21	-3.324931414469e-02	3.324931414469e-02
4                   	1.136584683214e-03	1.587885835511e-02	-1.474227367189e-02	-3.062113202700e-02	1.372866734403e-01	-1.679078054673e-01	1.525972394538e-01	1.531056601350e-02	5.682923416072e-04	1.827663709193e-21	5.682923416072e-04	-5.682923416072e-04
5                   	7.418503581384e-02	-1.266492009486e-01	2.008342367624e-01	3.274834377110e-01	1.922373152805e-01	1.352461224306e-01	2.849559642494e-02	-1.637417188555e-01	3.709251790692e-02	7.257882812296e-22	3.709251790692e-02	-3.709251790692e-02
6                   	7.828352667101e-02	-1.497035543603e-01	2.279870810313e-01	3.776906353917e-01	2.183801190248e-01	1.593105163668e-01	2.953480132899e-02	-1.888453176958e-01	3.914176333551e-02	-9.774706351561e-22	3.914176333551e-02	-3.914176333551e-02
7                   	7.243409871402e-02	-1.569978816286e-01	2.294319803427e-01	3.864298619713e-01	2.322002101757e-01	1.542296517956e-01	3.898527919005e-02	-1.932149309857e-01	3.621704935701e-02	-1.230651592445e-21	3.621704935701e-02	-3.621704935701e-02
...
6356                	1.480821421559e-02	-5.184470887940e-01	5.332553030096e-01	1.051702391804e+00	5.357825723927e-01	5.159198194110e-01	9.931376490860e-03	-5.258511959018e-01	7.404107107795e-03	-5.211651677887e-21	7.404107107795e-03	-7.404107107795e-03
6357                	1.480914497957e-02	-5.184449683678e-01	5.332541133473e-01	1.051699081715e+00	5.357806436247e-01	5.159184380904e-01	9.931102767157e-03	-5.258495408575e-01	7.404572489785e-03	-5.212101075296e-21	7.404572489785e-03	-7.404572489785e-03
6358                	1.480822351622e-02	-5.184471010284e-01	5.332553245446e-01	1.051702425573e+00	5.357825781817e-01	5.159198473913e-01	9.931365395173e-03	-5.258512127865e-01	7.404111758112e-03	-5.211651733615e-21	7.404111758112e-03	-7.404111758112e-03
6359                	1.480912792204e-02	-5.184449435401e-01	5.332540714621e-01	1.051699015002e+00	5.357806319738e-01	5.159183830284e-01	9.931124472681e-03	-5.258495075011e-01	7.404563961018e-03	-5.212100935793e-21	7.404563961018e-03	-7.404563961018e-03
6360                	1.480821981186e-02	-5.184470937282e-01	5.332553135400e-01	1.051702407268e+00	5.357825736381e-01	5.159198336301e-01	9.931370003989e-03	-5.258512036341e-01	7.404109905930e-03	-5.211651602661e-21	7.404109905930e-03	-7.404109905930e-03
6361                	1.480914602150e-02	-5.184449690754e-01	5.332541150969e-01	1.051699084172e+00	5.357806432174e-01	5.159184409550e-01	9.931101131187e-03	-5.258495420862e-01	7.404573010751e-03	-5.212101090805e-21	7.404573010751e-03	-7.404573010751e-03
6362                	1.480821465768e-02	-5.184470870884e-01	5.332553017461e-01	1.051702388834e+00	5.357825709609e-01	5.159198178736e-01	9.931376543664e-03	-5.258511944172e-01	7.404107328839e-03	-5.211651691660e-21	7.404107328839e-03	-7.404107328839e-03
6363                	1.480914411673e-02	-5.184449643117e-01	5.332541084284e-01	1.051699072740e+00	5.357806408596e-01	5.159184318804e-01	9.931104489602e-03	-5.258495363700e-01	7.404572058364e-03	-5.212101055443e-21	7.404572058364e-03	-7.404572058364e-03
6364                	1.480821380317e-02	-5.184470846898e-01	5.332552984930e-01	1.051702383183e+00	5.357825694207e-01	5.159198137621e-01	9.931377829318e-03	-5.258511915914e-01	7.404106901583e-03	-5.211651646717e-21	7.404106901583e-03	-7.404106901583e-03
6365                	1.480914437329e-02	-5.184449640493e-01	5.332541084226e-01	1.051699072472e+00	5.357806404945e-01	5.159184319773e-01	9.931104258617e-03	-5.258495362359e-01	7.404572186646e-03	-5.212101041928e-21	7.404572186646e-03	-7.404572186646e-03
6366                	1.480821359160e-02	-5.184470836448e-01	5.332552972364e-01	1.051702380881e+00	5.357825686386e-01	5.159198122426e-01	9.931378197998e-03	-5.258511904406e-01	7.404106795800e-03	-5.211651635508e-21	7.404106795800e-03	-7.404106795800e-03
6367                	1.480914435855e-02	-5.184449632195e-01	5.332541075781e-01	1.051699070798e+00	5.357806398696e-01	5.159184309280e-01	9.931104470773e-03	-5.258495353988e-01	7.404572179276e-03	-5.212101032898e-21	7.404572179276e-03	-7.404572179276e-03
6368                	1.480822289822e-02	-5.184470958814e-01	5.332553187796e-01	1.051702414661e+00	5.357825744257e-01	5.159198402354e-01	9.931367095170e-03	-5.258512073305e-01	7.404111449111e-03	-5.211651691203e-21	7.404111449111e-03	-7.404111449111e-03
6369                	1.480912730695e-02	-5.184449383943e-01	5.332540657013e-01	1.051699004096e+00	5.357806282169e-01	5.159183758787e-01	9.931126169094e-03	-5.258495020478e-01	7.404563653477e-03	-5.212100893367e-21	7.404563653477e-03	-7.404563653477e-03
6370                	1.480821919972e-02	-5.184470885838e-01	5.332553077835e-01	1.051702396367e+00	5.357825698805e-01	5.159198264868e-01	9.931371696845e-03	-5.258511981836e-01	7.404109599862e-03	-5.211651560224e-21	7.404109599862e-03	-7.404109599862e-03
6371                	1.480914541241e-02	-5.184449639328e-01	5.332541093452e-01	1.051699073278e+00	5.357806394591e-01	5.159184338188e-01	9.931102820167e-03	-5.258495366390e-01	7.404572706206e-03	-5.212101048354e-21	7.404572706206e-03	-7.404572706206e-03
6372                	1.480821405160e-02	-5.184470819476e-01	5.332552959992e-01	1.051702377947e+00	5.357825672022e-01	5.159198107446e-01	9.931378228814e-03	-5.258511889734e-01	7.404107025798e-03	-5.211651649200e-21	7.404107025798e-03	-7.404107025798e-03
6373                	1.480914351368e-02	-5.184449591728e-01	5.332541026865e-01	1.051699061859e+00	5.357806371005e-01	5.159184247589e-01	9.931106170802e-03	-5.258495309297e-01	7.404571756838e-03	-5.212101012973e-21	7.404571756838e-03	-7.404571756838e-03
6374                	1.480821320316e-02	-5.184470795532e-01	5.332552927564e-01	1.051702372310e+00	5.357825656613e-01	5.159198066482e-01	9.931379506542e-03	-5.258511861548e-01	7.404106601579e-03	-5.211651604241e-21	7.404106601579e-03	-7.404106601579e-03
6375                	1.480914377632e-02	-5.184449589150e-01	5.332541026913e-01	1.051699061606e+00	5.357806367349e-01	5.159184248714e-01	9.931105931782e-03	-5.258495308032e-01	7.404571888159e-03	-5.212100999444e-21	7.404571888159e-03	-7.404571888159e-03
