
       XFOIL         Version 6.99

 Calculated polar for: NACA 0012

 1 1 Reynolds number fixed          Mach number fixed

 xtrf =   1.000 (top)        1.000 (bottom)
 Mach =   0.000     Re =     1.000 e 6     Ncrit =   2.000  2.000

   alpha    CL        CD       CDp       CM     Top_Xtr  Bot_Xtr  Top_Itr  Bot_Itr
  ------ -------- --------- --------- -------- -------- -------- -------- --------
  -6.000  -0.6511   0.01039   0.00209  -0.0036   0.8322   0.0349  12.3635  96.2725
  -5.000  -0.5454   0.00985   0.00161  -0.0024   0.7443   0.0500  17.6274  98.5439
  -4.000  -0.4378   0.00939   0.00122  -0.0016   0.6575   0.0754  22.8212 101.2700
  -3.000  -0.3292   0.00897   0.00091  -0.0010   0.5748   0.1196  27.7743 104.7915
  -2.000  -0.2200   0.00860   0.00068  -0.0006   0.4965   0.1851  32.4863 109.2433
  -1.000  -0.1102   0.00834   0.00054  -0.0003   0.4201   0.2636  37.1107 114.2516
  -0.000  -0.0000   0.00825   0.00050   0.0000   0.3427   0.3427  41.8396 119.1604
   1.000   0.1102   0.00834   0.00054   0.0003   0.2636   0.4201  46.7484 123.8893
   2.000   0.2200   0.00860   0.00068   0.0006   0.1851   0.4965  51.7566 128.5135
   3.000   0.3292   0.00897   0.00091   0.0010   0.1196   0.5748  56.2085 133.2258
   4.000   0.4378   0.00939   0.00122   0.0016   0.0754   0.6575  59.7304 138.1790
   5.000   0.5455   0.00985   0.00161   0.0024   0.0500   0.7442  62.4562 143.3717
   6.000   0.6511   0.01039   0.00209   0.0036   0.0349   0.8321  64.7280 148.6330
