
       XFOIL         Version 6.99

 Calculated polar for: NACA 0012

 1 1 Reynolds number fixed          Mach number fixed

 xtrf =   1.000 (top)        1.000 (bottom)
 Mach =   0.000     Re =     1.000 e 6     Ncrit =   4.000  4.000

   alpha    CL        CD       CDp       CM     Top_Xtr  Bot_Xtr  Top_Itr  Bot_Itr
  ------ -------- --------- --------- -------- -------- -------- -------- --------
  -6.000  -0.6456   0.00985   0.00208  -0.0056   0.9558   0.0527   4.7872  98.8956
  -5.000  -0.5381   0.00900   0.00157  -0.0046   0.9072   0.0806   7.8513 101.7359
  -4.000  -0.4330   0.00833   0.00113  -0.0030   0.8362   0.1280  12.1252 105.3893
  -3.000  -0.3266   0.00780   0.00079  -0.0018   0.7501   0.2004  17.2769 110.2411
  -2.000  -0.2188   0.00739   0.00056  -0.0010   0.6589   0.2909  22.7352 115.9574
  -1.000  -0.1098   0.00715   0.00044  -0.0004   0.5684   0.3857  28.1603 121.7949
  -0.000  -0.0000   0.00707   0.00040   0.0000   0.4776   0.4776  33.6291 127.3709
   1.000   0.1098   0.00715   0.00044   0.0004   0.3857   0.5684  39.2052 132.8391
   2.000   0.2188   0.00739   0.00056   0.0010   0.2909   0.6589  45.0409 138.2655
   3.000   0.3266   0.00780   0.00079   0.0018   0.2004   0.7501  50.7589 143.7232
   4.000   0.4330   0.00833   0.00113   0.0030   0.1280   0.8362  55.6106 148.8747
   5.000   0.5381   0.00900   0.00157   0.0046   0.0806   0.9072  59.2647 153.1486
   6.000   0.6456   0.00985   0.00208   0.0056   0.0527   0.9558  62.1047 156.2130
