
       XFOIL         Version 6.99

 Calculated polar for: NACA 0012

 1 1 Reynolds number fixed          Mach number fixed

 xtrf =   1.000 (top)        1.000 (bottom)
 Mach =   0.000     Re =     1.000 e 6     Ncrit =   9.000  9.000

   alpha    CL        CD       CDp       CM     Top_Xtr  Bot_Xtr  Top_Itr  Bot_Itr
  ------ -------- --------- --------- -------- -------- -------- -------- --------
  -6.000  -0.6948   0.00973   0.00223   0.0043   0.9940   0.0813   1.7232 101.7965
  -5.000  -0.5580   0.00848   0.00165  -0.0017   0.9849   0.1486   2.6030 106.8154
  -4.000  -0.4278   0.00728   0.00118  -0.0060   0.9685   0.2537   3.9093 113.6321
  -3.000  -0.3199   0.00639   0.00087  -0.0049   0.9285   0.3642   6.5410 120.4803
  -2.000  -0.2142   0.00580   0.00064  -0.0030   0.8676   0.4743  10.2391 127.1706
  -1.000  -0.1074   0.00549   0.00050  -0.0014   0.7848   0.5826  15.2020 133.6928
  -0.000  -0.0000   0.00540   0.00046   0.0000   0.6870   0.6870  21.0519 139.9483
   1.000   0.1074   0.00549   0.00050   0.0014   0.5826   0.7848  27.3072 145.7980
   2.000   0.2142   0.00580   0.00064   0.0030   0.4742   0.8676  33.8304 150.7603
   3.000   0.3200   0.00639   0.00087   0.0048   0.3642   0.9285  40.5203 154.4598
   4.000   0.4278   0.00728   0.00118   0.0060   0.2537   0.9685  47.3670 157.0917
   5.000   0.5580   0.00848   0.00165   0.0017   0.1486   0.9849  54.1852 158.3975
   6.000   0.6948   0.00973   0.00224  -0.0043   0.0813   0.9940  59.2040 159.2783
