
       XFOIL         Version 6.99

 Calculated polar for: NACA 0012

 1 1 Reynolds number fixed          Mach number fixed

 xtrf =   1.000 (top)        1.000 (bottom)
 Mach =   0.000     Re =     0.200 e 6     Ncrit =   2.000  2.000

   alpha    CL        CD       CDp       CM     Top_Xtr  Bot_Xtr  Top_Itr  Bot_Itr
  ------ -------- --------- --------- -------- -------- -------- -------- --------
  -6.000  -0.6592   0.01562   0.00342  -0.0022   0.9779   0.0669   3.1919 100.4541
  -5.000  -0.5424   0.01417   0.00264  -0.0041   0.9449   0.1060   5.5043 103.7894
  -4.000  -0.4251   0.01285   0.00201  -0.0058   0.8981   0.1760   8.3999 108.6472
  -3.000  -0.3132   0.01176   0.00153  -0.0058   0.8297   0.2718  12.5114 114.7698
  -2.000  -0.2080   0.01108   0.00119  -0.0040   0.7437   0.3717  17.6624 120.9389
  -1.000  -0.1042   0.01074   0.00100  -0.0020   0.6517   0.4668  23.1661 126.7228
  -0.000   0.0000   0.01064   0.00094  -0.0000   0.5593   0.5593  28.7083 132.2917
   1.000   0.1042   0.01074   0.00100   0.0020   0.4668   0.6517  34.2772 137.8340
   2.000   0.2080   0.01108   0.00119   0.0040   0.3717   0.7437  40.0613 143.3376
   3.000   0.3132   0.01176   0.00153   0.0058   0.2718   0.8297  46.2304 148.4888
   4.000   0.4251   0.01285   0.00201   0.0058   0.1760   0.8981  52.3530 152.6007
   5.000   0.5424   0.01417   0.00264   0.0041   0.1060   0.9449  57.2108 155.4978
   6.000   0.6592   0.01562   0.00342   0.0022   0.0669   0.9779  60.5465 157.8113
