
       XFOIL         Version 6.99

 Calculated polar for: NACA 0012

 1 1 Reynolds number fixed          Mach number fixed

 xtrf =   1.000 (top)        1.000 (bottom)
 Mach =   0.000     Re =     0.200 e 6     Ncrit =   4.000  4.000

   alpha    CL        CD       CDp       CM     Top_Xtr  Bot_Xtr  Top_Itr  Bot_Itr
  ------ -------- --------- --------- -------- -------- -------- -------- --------
  -6.000  -0.6942   0.01536   0.00350   0.0046   1.0000   0.0977   1.0000 103.1482
  -5.000  -0.5957   0.01383   0.00281   0.0061   0.9946   0.1595   1.6523 107.5495
  -4.000  -0.4629   0.01233   0.00229   0.0006   0.9725   0.2719   3.6021 114.7718
  -3.000  -0.3359   0.01112   0.00197  -0.0030   0.9398   0.3989   5.8299 122.6025
  -2.000  -0.2161   0.01021   0.00174  -0.0043   0.8915   0.5190   8.8018 129.8694
  -1.000  -0.1050   0.00959   0.00157  -0.0029   0.8210   0.6283  13.0356 136.4334
  -0.000   0.0000   0.00937   0.00150  -0.0000   0.7299   0.7299  18.4837 142.5163
   1.000   0.1050   0.00959   0.00157   0.0029   0.6283   0.8210  24.5666 147.9645
   2.000   0.2161   0.01021   0.00174   0.0043   0.5190   0.8915  31.1305 152.1987
   3.000   0.3359   0.01112   0.00197   0.0030   0.3989   0.9398  38.3979 155.1696
   4.000   0.4629   0.01233   0.00229  -0.0006   0.2718   0.9725  46.2289 157.4016
   5.000   0.5958   0.01383   0.00281  -0.0061   0.1594   0.9946  53.4527 159.3526
   6.000   0.6941   0.01536   0.00351  -0.0046   0.0977   1.0000  57.8505 160.0000
