
       XFOIL         Version 6.99

 Calculated polar for: NACA 0012

 1 1 Reynolds number fixed          Mach number fixed

 xtrf =   1.000 (top)        1.000 (bottom)
 Mach =   0.000     Re =     0.200 e 6     Ncrit =   9.000  9.000

   alpha    CL        CD       CDp       CM     Top_Xtr  Bot_Xtr  Top_Itr  Bot_Itr
  ------ -------- --------- --------- -------- -------- -------- -------- --------
  -6.000  -0.6974   0.01513   0.00388   0.0044   1.0000   0.1560   1.0000 107.3196
  -5.000  -0.6191   0.01308   0.00304   0.0098   1.0000   0.2748   1.0000 114.9538
  -4.000  -0.5354   0.01176   0.00283   0.0144   1.0000   0.4164   1.0000 123.6662
  -3.000  -0.4457   0.01105   0.00302   0.0179   1.0000   0.5548   1.0000 132.0260
  -2.000  -0.3091   0.01065   0.00352   0.0123   0.9839   0.7012   2.6878 140.7987
  -1.000  -0.1415   0.01033   0.00382   0.0025   0.9531   0.8249   4.9760 148.1995
  -0.000  -0.0000   0.01018   0.00387   0.0000   0.9053   0.9053   7.9637 153.0363
   1.000   0.1415   0.01033   0.00382  -0.0025   0.8249   0.9531  12.8004 156.0245
   2.000   0.3091   0.01065   0.00352  -0.0123   0.7013   0.9839  20.2000 158.3153
   3.000   0.4456   0.01104   0.00302  -0.0179   0.5549   1.0000  28.9714 160.0000
   4.000   0.5353   0.01176   0.00283  -0.0144   0.4165   1.0000  37.3295 160.0000
   5.000   0.6190   0.01307   0.00305  -0.0098   0.2749   1.0000  46.0388 160.0000
   6.000   0.6973   0.01512   0.00388  -0.0043   0.1561   1.0000  53.6782 160.0000
