# Force and moment coefficients
# dragDir       : (9.97564050e-01 6.97564737e-02 0.00000000e+00)
# sideDir       : (0.00000000e+00 0.00000000e+00 -1.00000000e+00)
# liftDir       : (-6.97564737e-02 9.97564050e-01 0.00000000e+00)
# rollAxis      : (9.97564050e-01 6.97564737e-02 0.00000000e+00)
# pitchAxis     : (0.00000000e+00 0.00000000e+00 -1.00000000e+00)
# yawAxis       : (-6.97564737e-02 9.97564050e-01 0.00000000e+00)
# magUInf       : 5.00000000e+00
# lRef          : 1.20000000e-01
# Aref          : 5.76000000e-02
# CofR          : (3.00000000e-02 0.00000000e+00 0.00000000e+00)
#
# Time          	Cd              	Cd(f)           	Cd(r)           	Cl              	Cl(f)           	Cl(r)           	CmPitch         	CmRoll          	CmYaw           	Cs              	Cs(f)           	Cs(r)           
1               	6.08598187e-01	-1.81508714e+00	2.42368533e+00	1.07476131e+00	2.61340480e-01	8.13420834e-01	-2.76040177e-01	-2.11938623e+00	1.21665601e+00	1.99689005e-04	1.21675585e+00	-1.21655616e+00
2               	6.26802944e-01	-2.51549012e+00	3.14229307e+00	1.43634241e+00	3.53375206e-01	1.08296720e+00	-3.64795999e-01	-2.82889160e+00	1.24840447e+00	-5.92064181e-04	1.24810844e+00	-1.24870050e+00
3               	5.26390483e-01	-2.39743851e+00	2.92382899e+00	1.35160147e+00	3.45968488e-01	1.00563298e+00	-3.29832247e-01	-2.66063375e+00	1.04677538e+00	-1.70740613e-03	1.04592167e+00	-1.04762908e+00
4               	3.56881107e-01	-1.76724710e+00	2.12412821e+00	9.89646989e-01	2.77008982e-01	7.12638007e-01	-2.17814513e-01	-1.94568765e+00	7.08932900e-01	-2.99405702e-03	7.07435872e-01	-7.10429929e-01
5               	1.69034355e-01	-9.61695339e-01	1.13072969e+00	5.34020270e-01	1.84580782e-01	3.49439488e-01	-8.24293531e-02	-1.04621252e+00	3.35881925e-01	-4.13637390e-03	3.33813738e-01	-3.37950112e-01
6               	8.94728763e-03	-2.49728464e-01	2.58675751e-01	1.32847568e-01	1.02336261e-01	3.05113070e-02	3.59124768e-02	-2.54202107e-01	1.90593681e-02	-4.90669200e-03	1.66060221e-02	-2.15127141e-02
7               	-9.59070302e-02	2.30115567e-01	-3.26022598e-01	-1.36104148e-01	4.47214185e-02	-1.80825567e-01	1.12773493e-01	2.78069083e-01	-1.88487080e-01	-5.18544027e-03	-1.91079800e-01	1.85894360e-01
...
481             	2.36549193e-02	-5.87598309e-01	6.11253228e-01	3.29682625e-01	1.62091694e-01	1.67590931e-01	-2.74961810e-03	-5.99425768e-01	4.72678958e-02	-4.33852055e-03	4.50986355e-02	-4.94371561e-02
482             	2.36591757e-02	-5.87598705e-01	6.11257880e-01	3.29684576e-01	1.62093811e-01	1.67590765e-01	-2.74847722e-03	-5.99428293e-01	4.72766032e-02	-4.33844252e-03	4.51073819e-02	-4.94458244e-02
483             	2.36557110e-02	-5.87603052e-01	6.11258764e-01	3.29686608e-01	1.62095574e-01	1.67591034e-01	-2.74772961e-03	-5.99430908e-01	4.72698593e-02	-4.33849158e-03	4.51006135e-02	-4.94391051e-02
484             	2.36600600e-02	-5.87599212e-01	6.11259272e-01	3.29686925e-01	1.62096677e-01	1.67590247e-01	-2.74678509e-03	-5.99429242e-01	4.72788919e-02	-4.33842212e-03	4.51096809e-02	-4.94481030e-02
485             	2.36563589e-02	-5.87596870e-01	6.11253229e-01	3.29686516e-01	1.62096885e-01	1.67589631e-01	-2.74637299e-03	-5.99425050e-01	4.72714747e-02	-4.33847717e-03	4.51022361e-02	-4.94407133e-02
486             	2.36599321e-02	-5.87587045e-01	6.11246977e-01	3.29684612e-01	1.62096531e-01	1.67588081e-01	-2.74577486e-03	-5.99417011e-01	4.72782239e-02	-4.33841329e-03	4.51090173e-02	-4.94474306e-02
487             	2.36550803e-02	-5.87582124e-01	6.11237204e-01	3.29683175e-01	1.62096094e-01	1.67587080e-01	-2.74549302e-03	-5.99409664e-01	4.72675904e-02	-4.33847464e-03	4.50983531e-02	-4.94368277e-02
488             	2.36578075e-02	-5.87575109e-01	6.11232916e-01	3.29681928e-01	1.62096237e-01	1.67585691e-01	-2.74472712e-03	-5.99404013e-01	4.72723553e-02	-4.33841525e-03	4.51031477e-02	-4.94415629e-02
489             	2.36528898e-02	-5.87577940e-01	6.11230830e-01	3.29682699e-01	1.62097192e-01	1.67585507e-01	-2.74415781e-03	-5.99404385e-01	4.72621319e-02	-4.33847364e-03	4.50928951e-02	-4.94313687e-02
490             	2.36562806e-02	-5.87578945e-01	6.11235226e-01	3.29683812e-01	1.62098743e-01	1.67585068e-01	-2.74316235e-03	-5.99407085e-01	4.72693773e-02	-4.33841095e-03	4.51001719e-02	-4.94385828e-02
491             	2.36522750e-02	-5.87586683e-01	6.11238958e-01	3.29686011e-01	1.62100524e-01	1.67585488e-01	-2.74248194e-03	-5.99412820e-01	4.72622252e-02	-4.33847372e-03	4.50929883e-02	-4.94314620e-02
492             	2.36563731e-02	-5.87589264e-01	6.11245637e-01	3.29687536e-01	1.62102181e-01	1.67585355e-01	-2.74158674e-03	-5.99417450e-01	4.72715319e-02	-4.33841706e-03	4.51023234e-02	-4.94407404e-02
493             	2.36527723e-02	-5.87594510e-01	6.11247283e-01	3.29688887e-01	1.62103235e-01	1.67585651e-01	-2.74120803e-03	-5.99420897e-01	4.72652065e-02	-4.33848388e-03	4.50959646e-02	-4.94344484e-02
494             	2.36569198e-02	-5.87590950e-01	6.11247870e-01	3.29688479e-01	1.62103436e-01	1.67585042e-01	-2.74080313e-03	-5.99419410e-01	4.72741128e-02	-4.33843033e-03	4.51048976e-02	-4.94433279e-02
495             	2.36528434e-02	-5.87589680e-01	6.11242523e-01	3.29687858e-01	1.62102921e-01	1.67584937e-01	-2.74100795e-03	-5.99416102e-01	4.72657066e-02	-4.33850102e-03	4.50964561e-02	-4.94349571e-02
496             	2.36562796e-02	-5.87583526e-01	6.11239806e-01	3.29686726e-01	1.62102265e-01	1.67584461e-01	-2.74109827e-03	-5.99411666e-01	4.72719025e-02	-4.33845068e-03	4.51026772e-02	-4.94411278e-02
497             	2.36518523e-02	-5.87586043e-01	6.11237895e-01	3.29687388e-01	1.62102076e-01	1.67585312e-01	-2.74161815e-03	-5.99411969e-01	4.72621508e-02	-4.33852118e-03	4.50928902e-02	-4.94314114e-02
498             	2.36555015e-02	-5.87588101e-01	6.11243603e-01	3.29688969e-01	1.62102683e-01	1.67586287e-01	-2.74180200e-03	-5.99415852e-01	4.72690164e-02	-4.33846811e-03	4.50997824e-02	-4.94382505e-02
499             	2.36517673e-02	-5.87598738e-01	6.11250506e-01	3.29692425e-01	1.62103821e-01	1.67588605e-01	-2.74239196e-03	-5.99424622e-01	4.72616480e-02	-4.33853748e-03	4.50923792e-02	-4.94309167e-02
500             	2.36562336e-02	-5.87606640e-01	6.11262874e-01	3.29696152e-01	1.62105260e-01	1.67590891e-01	-2.74281543e-03	-5.99434757e-01	4.72713781e-02	-4.33848884e-03	4.51021337e-02	-4.94406226e-02
