# Solver information
# Time          	U_solver        	Ux_initial      	Ux_final        	Ux_iters        	Uy_initial      	Uy_final        	Uy_iters        	Uz_initial      	Uz_final        	Uz_iters        	U_converged     	nuTilda_solver  	nuTilda_initial 	nuTilda_final   	nuTilda_iters   	nuTilda_converged	p_solver        	p_initial       	p_final         	p_iters         	p_converged     
1               	smoothSolver	9.99999800e-01	8.16614850e-02	2	9.99999680e-01	8.50271770e-02	2	1.00000000e+00	5.60345810e-02	2	false	smoothSolver	9.99999980e-01	7.67938050e-02	1	true	GAMG	1.00000000e+00	8.84817340e-03	19	true
2               	smoothSolver	5.98274130e-03	3.90133340e-04	4	1.37336130e-02	9.20361990e-04	4	3.26618260e-01	2.16045970e-02	3	false	smoothSolver	8.51636100e-04	7.70375320e-05	2	true	GAMG	2.77393850e-02	2.41274560e-04	13	true
3               	smoothSolver	2.89800510e-03	2.16542840e-04	4	4.89273300e-03	3.74459090e-04	4	2.29340170e-01	1.90133520e-02	3	false	smoothSolver	2.42653820e-04	1.31429480e-05	3	true	GAMG	2.19187780e-02	1.60344420e-04	9	true
4               	smoothSolver	1.83348350e-03	1.43976360e-04	4	3.01181170e-03	2.37148440e-04	4	1.41728380e-01	7.13308790e-03	4	false	smoothSolver	2.31458610e-04	1.22554290e-05	3	true	GAMG	1.64839690e-02	1.30958070e-04	13	true
5               	smoothSolver	1.20897690e-03	8.95956750e-05	4	1.98650720e-03	1.48534090e-04	4	1.28310780e-01	1.10259130e-02	3	false	smoothSolver	2.08488510e-04	1.20599120e-05	3	true	GAMG	1.13309240e-02	1.09504860e-04	16	true
6               	smoothSolver	8.90799310e-04	5.09882800e-05	4	1.58426140e-03	8.80232920e-05	4	1.20123190e-01	7.98499320e-03	3	false	smoothSolver	2.17334180e-04	1.21769130e-05	3	true	GAMG	7.37763990e-03	5.39086610e-05	20	true
7               	smoothSolver	8.09413520e-04	7.23461160e-05	3	1.74366510e-03	1.49001010e-04	3	9.48902290e-02	5.64869640e-03	3	false	smoothSolver	2.16194140e-04	1.22784360e-05	3	true	GAMG	6.34759970e-03	6.28191950e-05	20	true
8               	smoothSolver	8.15632870e-04	4.36805470e-05	4	2.09631240e-03	1.16609840e-04	4	6.70288960e-02	4.25128110e-03	3	false	smoothSolver	2.25720550e-04	1.26049890e-05	3	true	GAMG	7.42753570e-03	7.38534020e-05	15	true
9               	smoothSolver	7.73148640e-04	5.05941780e-05	4	2.48996180e-03	1.69821360e-04	4	4.53846310e-02	3.40286640e-03	3	false	smoothSolver	2.38028850e-04	1.32564100e-05	3	true	GAMG	8.83786910e-03	7.54803140e-05	9	true
10              	smoothSolver	6.70320990e-04	4.72429990e-05	4	2.60221810e-03	1.86996960e-04	4	3.51487580e-02	2.97621150e-03	3	false	smoothSolver	2.63468660e-04	1.45441170e-05	3	true	GAMG	9.57412200e-03	6.18901770e-05	11	true
11              	smoothSolver	5.58401470e-04	3.76713000e-05	4	2.27351070e-03	1.57953980e-04	4	3.62015700e-02	3.05146330e-03	3	false	smoothSolver	3.01886230e-04	1.66751040e-05	3	true	GAMG	9.49652930e-03	7.66655650e-05	15	true
12              	smoothSolver	4.79527170e-04	2.91042400e-05	4	1.88866320e-03	1.17018430e-04	4	4.00144410e-02	3.34950330e-03	3	false	smoothSolver	3.62216260e-04	2.02580660e-05	3	true	GAMG	9.31921040e-03	6.05831940e-05	14	true
13              	smoothSolver	4.32608570e-04	2.59175300e-05	4	1.62077930e-03	9.40675770e-05	4	4.16801510e-02	3.67793470e-03	3	false	smoothSolver	4.60694430e-04	2.52709620e-05	3	true	GAMG	1.01697360e-02	7.94434320e-05	14	true
14              	smoothSolver	3.97241410e-04	2.54572620e-05	4	1.41196760e-03	8.86128890e-05	4	3.96117760e-02	3.82971600e-03	3	false	smoothSolver	6.38875700e-04	3.57275390e-05	3	true	GAMG	1.12390040e-02	1.00647530e-04	14	true
15              	smoothSolver	3.64094900e-04	2.44070040e-05	4	1.23672400e-03	8.39140730e-05	4	3.56150170e-02	1.88180150e-03	4	false	smoothSolver	1.02028170e-03	5.53818410e-05	3	true	GAMG	1.08057520e-02	9.71760790e-05	11	true
16              	smoothSolver	3.31675650e-04	2.26003040e-05	4	1.08637130e-03	7.57658250e-05	4	3.22156810e-02	1.83204170e-03	4	false	smoothSolver	2.39438940e-03	1.32553840e-04	3	true	GAMG	8.99981510e-03	8.49872340e-05	11	true
17              	smoothSolver	3.02623800e-04	2.06039480e-05	4	9.91139730e-04	6.82770580e-05	4	3.02318450e-02	1.74296120e-03	4	false	smoothSolver	6.56714210e-03	3.57799100e-04	3	true	GAMG	7.12261650e-03	6.27150120e-05	15	true
18              	smoothSolver	2.79656600e-04	1.87808830e-05	4	9.68727280e-04	6.38849590e-05	4	2.84152800e-02	1.63806730e-03	4	false	smoothSolver	1.51973150e-03	8.25520630e-05	3	true	GAMG	5.90883910e-03	5.18782460e-05	14	true
...
481             	smoothSolver	8.00897600e-07	5.67244210e-08	3	2.49327280e-06	1.87589110e-07	3	3.83729980e-05	2.97980190e-06	3	false	smoothSolver	9.22254770e-05	3.68877330e-06	3	true	GAMG	1.06139990e-05	9.11377740e-08	6	true
482             	smoothSolver	7.93302360e-07	5.57810430e-08	3	2.48995330e-06	1.86451200e-07	3	3.83361840e-05	2.96650080e-06	3	false	smoothSolver	9.18438950e-05	3.37208750e-06	3	true	GAMG	1.05692090e-05	9.72301200e-08	6	true
483             	smoothSolver	7.93626500e-07	5.63297820e-08	3	2.49622770e-06	1.85661860e-07	3	3.82172740e-05	2.95390450e-06	3	false	smoothSolver	9.09769460e-05	3.70637790e-06	3	true	GAMG	1.05447030e-05	1.02203320e-07	6	true
484             	smoothSolver	8.01823030e-07	5.73958640e-08	3	2.49435130e-06	1.84447240e-07	3	3.83556420e-05	2.95941940e-06	3	false	smoothSolver	9.30733620e-05	3.64932500e-06	3	true	GAMG	1.05730370e-05	1.00353640e-07	12	true
485             	smoothSolver	7.99469720e-07	5.65453580e-08	3	2.48558220e-06	1.83534020e-07	3	3.83802230e-05	2.95638970e-06	3	false	smoothSolver	9.29306790e-05	3.68492870e-06	3	true	GAMG	1.05606290e-05	8.25965850e-08	6	true
486             	smoothSolver	7.93463240e-07	5.56768160e-08	3	2.47427460e-06	1.81597580e-07	3	3.80771700e-05	2.92458550e-06	3	false	smoothSolver	8.92878700e-05	3.39881370e-06	3	true	GAMG	1.05554550e-05	7.62362880e-08	6	true
487             	smoothSolver	7.93674970e-07	5.63321160e-08	3	2.47645130e-06	1.80628710e-07	3	3.78838270e-05	2.90783410e-06	3	false	smoothSolver	8.95197850e-05	3.72973410e-06	3	true	GAMG	1.05090870e-05	8.76117430e-08	6	true
488             	smoothSolver	8.02345060e-07	5.74071670e-08	3	2.47424030e-06	1.78755570e-07	3	3.80828700e-05	2.92120330e-06	3	false	smoothSolver	9.14528920e-05	3.45871290e-06	3	true	GAMG	1.04771160e-05	9.64088000e-08	12	true
489             	smoothSolver	7.98079720e-07	5.64310740e-08	3	2.45634280e-06	1.77944040e-07	3	3.79724970e-05	2.90588160e-06	3	false	smoothSolver	8.98906350e-05	3.57706670e-06	3	true	GAMG	1.04746350e-05	9.84779160e-08	6	true
490             	smoothSolver	7.90948890e-07	5.52159540e-08	3	2.44232170e-06	1.75133260e-07	3	3.77628110e-05	2.87205460e-06	3	false	smoothSolver	9.17936980e-05	3.56870190e-06	3	true	GAMG	1.04169210e-05	7.69286710e-08	7	true
491             	smoothSolver	7.89222920e-07	5.57534990e-08	3	2.43730830e-06	1.73801400e-07	3	3.75248010e-05	2.84283710e-06	3	false	smoothSolver	9.14766700e-05	3.71011470e-06	3	true	GAMG	1.04015890e-05	7.06554520e-08	7	true
492             	smoothSolver	7.95605930e-07	5.65520110e-08	3	2.42274410e-06	1.70918800e-07	3	3.74146470e-05	2.82277270e-06	3	false	smoothSolver	9.15363390e-05	3.68348150e-06	3	true	GAMG	1.03226970e-05	9.68127550e-08	7	true
493             	smoothSolver	7.92674670e-07	5.58302790e-08	3	2.40121350e-06	1.69350420e-07	3	3.72657130e-05	2.80192230e-06	3	false	smoothSolver	9.09728980e-05	3.71119270e-06	3	true	GAMG	1.02960160e-05	9.79602140e-08	9	true
494             	smoothSolver	7.88241380e-07	5.50746030e-08	3	2.38933890e-06	1.67074440e-07	3	3.69946500e-05	2.76709800e-06	3	false	smoothSolver	9.27093490e-05	3.31872350e-06	3	true	GAMG	1.02996130e-05	9.51852230e-08	7	true
495             	smoothSolver	7.88196190e-07	5.57512550e-08	3	2.38618000e-06	1.66385640e-07	3	3.67543570e-05	2.73534830e-06	3	false	smoothSolver	9.13212530e-05	3.61381700e-06	3	true	GAMG	1.03897620e-05	9.00541430e-08	6	true
496             	smoothSolver	7.96829910e-07	5.66103760e-08	3	2.37977880e-06	1.64581990e-07	3	3.67878160e-05	2.73735000e-06	3	false	smoothSolver	9.10536290e-05	3.47641660e-06	3	true	GAMG	1.03205220e-05	7.08582610e-08	7	true
497             	smoothSolver	7.93500900e-07	5.57206620e-08	3	2.36651270e-06	1.63967850e-07	3	3.67933240e-05	2.73327340e-06	3	false	smoothSolver	9.09053070e-05	3.61102260e-06	3	true	GAMG	1.02538600e-05	1.00843860e-07	10	true
498             	smoothSolver	7.85253590e-07	5.45192920e-08	3	2.35674190e-06	1.62238090e-07	3	3.65491450e-05	2.71295060e-06	3	false	smoothSolver	9.03145600e-05	3.55401070e-06	3	true	GAMG	1.02560540e-05	8.81527080e-08	7	true
499             	smoothSolver	7.83772010e-07	5.49770560e-08	3	2.35967740e-06	1.62307000e-07	3	3.63992470e-05	2.68199160e-06	3	false	smoothSolver	8.99195670e-05	3.78920660e-06	3	true	GAMG	1.02813920e-05	7.36030120e-08	7	true
500             	smoothSolver	7.90463870e-07	5.57492640e-08	3	2.35648700e-06	1.60986420e-07	3	3.64339170e-05	2.68748890e-06	3	false	smoothSolver	9.10811770e-05	3.43258160e-06	3	true	GAMG	1.02386310e-05	7.74142220e-08	7	true
