iterations_with_bounding_nuTilda=5013 of 40000; in 38001..40000: 250
39953 39961 39969 39977 39985 39993 
39976 1.055094223787e+00 1.516531985574e-02
39977 1.055090512103e+00 1.516366467892e-02
39978 1.055094137527e+00 1.516525663138e-02
39979 1.055090438520e+00 1.516368610202e-02
39980 1.055094124451e+00 1.516529721864e-02
39981 1.055090449477e+00 1.516372316411e-02
39982 1.055094164488e+00 1.516533275211e-02
39983 1.055090519192e+00 1.516375023656e-02
39984 1.055094219659e+00 1.516531959239e-02
39985 1.055090507416e+00 1.516366449294e-02
39986 1.055094133471e+00 1.516525632655e-02
39987 1.055090434054e+00 1.516368590625e-02
39988 1.055094121713e+00 1.516529700176e-02
39989 1.055090446941e+00 1.516372302532e-02
39990 1.055094163803e+00 1.516533277264e-02
39991 1.055090519951e+00 1.516375023463e-02
39992 1.055094221768e+00 1.516531983155e-02
39993 1.055090511472e+00 1.516366463442e-02
39994 1.055094137804e+00 1.516525663597e-02
39995 1.055090439450e+00 1.516368620080e-02
39996 1.055094126596e+00 1.516529733029e-02
39997 1.055090451576e+00 1.516372342671e-02
39998 1.055094168085e+00 1.516533302249e-02
39999 1.055090522876e+00 1.516375055956e-02
40000 1.055094224677e+00 1.516531996013e-02
