# Force and moment coefficients
# dragDir           : (9.848077530122e-01 1.736481776670e-01 0.000000000000e+00)
# sideDir           : (0.000000000000e+00 0.000000000000e+00 -1.000000000000e+00)
# liftDir           : (-1.736481776670e-01 9.848077530122e-01 0.000000000000e+00)
# rollAxis          : (9.848077530122e-01 1.736481776670e-01 0.000000000000e+00)
# pitchAxis         : (0.000000000000e+00 0.000000000000e+00 -1.000000000000e+00)
# yawAxis           : (-1.736481776670e-01 9.848077530122e-01 0.000000000000e+00)
# magUInf           : 1.000000000000e+00
# lRef              : 1.000000000000e+00
# Aref              : 1.000000000000e+00
# CofR              : (2.500000000000e-01 0.000000000000e+00 0.000000000000e+00)
#
# Time              	Cd                  	Cd(f)               	Cd(r)               	Cl                  	Cl(f)               	Cl(r)               	CmPitch             	CmRoll              	CmYaw               	Cs                  	Cs(f)               	Cs(r)               
1                   	2.860677783635e+00	-2.773540194631e+00	5.634217978265e+00	8.407758172896e+00	1.836351215321e+00	6.571406957574e+00	-2.367527871127e+00	-4.203879086448e+00	1.430338891817e+00	-1.488878139828e-20	1.430338891817e+00	-1.430338891817e+00
2                   	6.117959349825e-01	-5.622672483788e-01	1.174063183361e+00	1.736330431740e+00	6.636233895554e-01	1.072707042185e+00	-2.045418263147e-01	-8.681652158701e-01	3.058979674912e-01	-2.434759572682e-20	3.058979674912e-01	-3.058979674912e-01
3                   	-3.588747765961e-02	2.204227255487e-01	-2.563102032083e-01	-4.767329287571e-01	8.091400482764e-02	-5.576469335847e-01	3.192804692062e-01	2.383664643785e-01	-1.794373882981e-02	-7.108840681409e-21	-1.794373882981e-02	1.794373882981e-02
4                   	4.471341931585e-02	-5.233058026941e-02	9.704399958526e-02	1.493745798547e-01	1.629308691886e-01	-1.355628933393e-02	8.824357926126e-02	-7.468728992734e-02	2.235670965792e-02	1.223472833018e-21	2.235670965792e-02	-2.235670965792e-02
5                   	6.866350489883e-02	-1.160557939612e-01	1.847192988601e-01	3.007750928213e-01	1.969074258880e-01	1.038676669332e-01	4.651987947741e-02	-1.503875464106e-01	3.433175244942e-02	-6.967443887138e-22	3.433175244942e-02	-3.433175244942e-02
6                   	7.121712617282e-02	-1.393380181799e-01	2.105551443527e-01	3.498931625326e-01	2.175214017587e-01	1.323717607740e-01	4.257482049235e-02	-1.749465812663e-01	3.560856308641e-02	-1.280293492585e-21	3.560856308641e-02	-3.560856308641e-02
7                   	6.891385291969e-02	-1.531737521061e-01	2.220876050258e-01	3.752613571319e-01	2.295251833893e-01	1.457361737426e-01	4.189450482333e-02	-1.876306785659e-01	3.445692645984e-02	-1.517573591288e-21	3.445692645984e-02	-3.445692645984e-02
...
39981               	1.516372316411e-02	-5.199633631566e-01	5.351270863207e-01	1.055090449477e+00	5.366593156357e-01	5.184311338416e-01	9.114090897093e-03	-5.275452247386e-01	7.581861582055e-03	-5.336642484176e-21	7.581861582055e-03	-7.581861582055e-03
39982               	1.516533275211e-02	-5.199644158679e-01	5.351297486200e-01	1.055094164488e+00	5.366620691895e-01	5.184320952983e-01	9.114986945620e-03	-5.275470822439e-01	7.582666376056e-03	-5.337639237486e-21	7.582666376056e-03	-7.582666376056e-03
39983               	1.516375023656e-02	-5.199633844775e-01	5.351271347141e-01	1.055090519192e+00	5.366593578146e-01	5.184311613770e-01	9.114098218817e-03	-5.275452595958e-01	7.581875118278e-03	-5.336636881553e-21	7.581875118278e-03	-7.581875118278e-03
39984               	1.516531959239e-02	-5.199644500334e-01	5.351297696258e-01	1.055094219659e+00	5.366621001033e-01	5.184321195559e-01	9.114990273694e-03	-5.275471098296e-01	7.582659796195e-03	-5.337666932402e-21	7.582659796195e-03	-7.582659796195e-03
39985               	1.516366449294e-02	-5.199634214614e-01	5.351270859543e-01	1.055090507416e+00	5.366593550400e-01	5.184311523757e-01	9.114101332151e-03	-5.275452537079e-01	7.581832246470e-03	-5.336682029457e-21	7.581832246470e-03	-7.581832246470e-03
39986               	1.516525632655e-02	-5.199644385724e-01	5.351296948990e-01	1.055094133471e+00	5.366620574196e-01	5.184320760518e-01	9.114990683895e-03	-5.275470667357e-01	7.582628163274e-03	-5.337702918032e-21	7.582628163274e-03	-7.582628163274e-03
39987               	1.516368590625e-02	-5.199633740738e-01	5.351270599801e-01	1.055090434054e+00	5.366593127082e-01	5.184311213457e-01	9.114095681214e-03	-5.275452170270e-01	7.581842953125e-03	-5.336687139268e-21	7.581842953125e-03	-7.581842953125e-03
39988               	1.516529700176e-02	-5.199644123557e-01	5.351297093575e-01	1.055094121713e+00	5.366620455224e-01	5.184320761908e-01	9.114984665804e-03	-5.275470608566e-01	7.582648500881e-03	-5.337674422616e-21	7.582648500881e-03	-7.582648500881e-03
39989               	1.516372302532e-02	-5.199633619577e-01	5.351270849831e-01	1.055090446941e+00	5.366593154806e-01	5.184311314602e-01	9.114092010175e-03	-5.275452234704e-01	7.581861512662e-03	-5.336642481528e-21	7.581861512662e-03	-7.581861512662e-03
39990               	1.516533277264e-02	-5.199644155153e-01	5.351297482880e-01	1.055094163803e+00	5.366620690789e-01	5.184320947244e-01	9.114987177208e-03	-5.275470819017e-01	7.582666386320e-03	-5.337639229547e-21	7.582666386320e-03	-7.582666386320e-03
39991               	1.516375023463e-02	-5.199633848582e-01	5.351271350928e-01	1.055090519951e+00	5.366593575170e-01	5.184311624339e-01	9.114097541566e-03	-5.275452599755e-01	7.581875117316e-03	-5.336636875144e-21	7.581875117316e-03	-7.581875117316e-03
39992               	1.516531983155e-02	-5.199644509684e-01	5.351297707999e-01	1.055094221768e+00	5.366620999478e-01	5.184321218205e-01	9.114989063677e-03	-5.275471108841e-01	7.582659915777e-03	-5.337666933612e-21	7.582659915777e-03	-7.582659915777e-03
39993               	1.516366463442e-02	-5.199634234188e-01	5.351270880532e-01	1.055090511472e+00	5.366593546740e-01	5.184311567980e-01	9.114098937986e-03	-5.275452557360e-01	7.581832317209e-03	-5.336682023339e-21	7.581832317209e-03	-7.581832317209e-03
39994               	1.516525663597e-02	-5.199644405838e-01	5.351296972197e-01	1.055094137804e+00	5.366620571765e-01	5.184320806270e-01	9.114988274769e-03	-5.275470689018e-01	7.582628317986e-03	-5.337702928643e-21	7.582628317986e-03	-7.582628317986e-03
39995               	1.516368620080e-02	-5.199633766247e-01	5.351270628255e-01	1.055090439450e+00	5.366593124944e-01	5.184311269557e-01	9.114092769357e-03	-5.275452197251e-01	7.581843100398e-03	-5.336687142433e-21	7.581843100398e-03	-7.581843100398e-03
39996               	1.516529733029e-02	-5.199644146329e-01	5.351297119632e-01	1.055094126596e+00	5.366620453325e-01	5.184320812636e-01	9.114982034429e-03	-5.275470632980e-01	7.582648665146e-03	-5.337674434759e-21	7.582648665146e-03	-7.582648665146e-03
39997               	1.516372342671e-02	-5.199633640744e-01	5.351270875011e-01	1.055090451576e+00	5.366593155035e-01	5.184311360720e-01	9.114089715745e-03	-5.275452257878e-01	7.581861713356e-03	-5.336642491809e-21	7.581861713356e-03	-7.581861713356e-03
39998               	1.516533302249e-02	-5.199644175315e-01	5.351297505540e-01	1.055094168085e+00	5.366620689535e-01	5.184320991319e-01	9.114984910772e-03	-5.275470840427e-01	7.582666511247e-03	-5.337639235125e-21	7.582666511247e-03	-7.582666511247e-03
39999               	1.516375055956e-02	-5.199633861584e-01	5.351271367180e-01	1.055090522876e+00	5.366593576000e-01	5.184311652765e-01	9.114096161739e-03	-5.275452614382e-01	7.581875279781e-03	-5.336636889438e-21	7.581875279781e-03	-7.581875279781e-03
40000               	1.516531996013e-02	-5.199644523585e-01	5.351297723186e-01	1.055094224677e+00	5.366620998725e-01	5.184321248045e-01	9.114987534010e-03	-5.275471123385e-01	7.582659980063e-03	-5.337666934582e-21	7.582659980063e-03	-7.582659980063e-03
