# Force and moment coefficients
# dragDir           : (9.848077530122e-01 1.736481776670e-01 0.000000000000e+00)
# sideDir           : (0.000000000000e+00 0.000000000000e+00 -1.000000000000e+00)
# liftDir           : (-1.736481776670e-01 9.848077530122e-01 0.000000000000e+00)
# rollAxis          : (9.848077530122e-01 1.736481776670e-01 0.000000000000e+00)
# pitchAxis         : (0.000000000000e+00 0.000000000000e+00 -1.000000000000e+00)
# yawAxis           : (-1.736481776670e-01 9.848077530122e-01 0.000000000000e+00)
# magUInf           : 1.000000000000e+00
# lRef              : 1.000000000000e+00
# Aref              : 1.000000000000e+00
# CofR              : (2.500000000000e-01 0.000000000000e+00 0.000000000000e+00)
#
# Time              	Cd                  	Cd(f)               	Cd(r)               	Cl                  	Cl(f)               	Cl(r)               	CmPitch             	CmRoll              	CmYaw               	Cs                  	Cs(f)               	Cs(r)               
1                   	2.587041806278e+01	-2.452198485786e+01	5.039240292065e+01	7.491438777851e+01	1.619194364389e+01	5.872244413462e+01	-2.126525024537e+01	-3.745719388926e+01	1.293520903139e+01	-4.307415533674e-20	1.293520903139e+01	-1.293520903139e+01
2                   	2.144854414733e+00	-2.380689345628e-01	2.382923349296e+00	2.620992283859e+00	8.460690023904e-01	1.774923281469e+00	-4.644271395391e-01	-1.310496141929e+00	1.072427207367e+00	-1.026997855896e-20	1.072427207367e+00	-1.072427207367e+00
3                   	7.039275146886e-01	5.049230844376e-01	1.990044302510e-01	-3.059186541865e-01	4.003390807715e-02	-3.459525622637e-01	1.929932351704e-01	1.529593270933e-01	3.519637573443e-01	-4.376739427080e-22	3.519637573443e-01	-3.519637573443e-01
4                   	5.576678916440e-01	2.997105578374e-01	2.579573338066e-01	-4.175322403080e-02	8.911454660106e-02	-1.308677706319e-01	1.099911586165e-01	2.087661201540e-02	2.788339458220e-01	-1.393485228955e-22	2.788339458220e-01	-2.788339458220e-01
5                   	4.802886692439e-01	2.066200721764e-01	2.736685970674e-01	6.704852489102e-02	1.167849377089e-01	-4.973641281788e-02	8.326067526339e-02	-3.352426244551e-02	2.401443346219e-01	-1.978799548752e-22	2.401443346219e-01	-2.401443346219e-01
6                   	4.229528347464e-01	1.705795472109e-01	2.523732875355e-01	8.179374032462e-02	1.233271808954e-01	-4.153344057074e-02	8.243031073306e-02	-4.089687016231e-02	2.114764173732e-01	-2.058274032540e-22	2.114764173732e-01	-2.114764173732e-01
7                   	3.829586459516e-01	1.451732846218e-01	2.377853613297e-01	9.261207670790e-02	1.280930659036e-01	-3.548098919569e-02	8.178702754964e-02	-4.630603835395e-02	1.914793229758e-01	-2.064426320896e-22	1.914793229758e-01	-1.914793229758e-01
...
40986               	1.231655256627e-02	-5.340613472934e-01	5.463778998597e-01	1.080439247153e+00	5.457118776419e-01	5.347273695113e-01	5.492254065282e-03	-5.402196235766e-01	6.158276283133e-03	-8.235255896291e-22	6.158276283133e-03	-6.158276283133e-03
40987               	1.231654915121e-02	-5.340613013837e-01	5.463778505349e-01	1.080439151919e+00	5.457118464106e-01	5.347273055080e-01	5.492270451305e-03	-5.402195759593e-01	6.158274575607e-03	-8.235255292616e-22	6.158274575607e-03	-6.158274575607e-03
40988               	1.231654573673e-02	-5.340612554766e-01	5.463778012133e-01	1.080439056690e+00	5.457118151808e-01	5.347272415091e-01	5.492286835860e-03	-5.402195283450e-01	6.158272868365e-03	-8.235254688973e-22	6.158272868365e-03	-6.158272868365e-03
40989               	1.231654232263e-02	-5.340612095719e-01	5.463777518946e-01	1.080438961466e+00	5.457117839523e-01	5.347271775142e-01	5.492303219003e-03	-5.402194807332e-01	6.158271161316e-03	-8.235254085359e-22	6.158271161316e-03	-6.158271161316e-03
40990               	1.231653890892e-02	-5.340611636697e-01	5.463777025786e-01	1.080438866248e+00	5.457117527249e-01	5.347271135235e-01	5.492319600683e-03	-5.402194331242e-01	6.158269454458e-03	-8.235253481769e-22	6.158269454458e-03	-6.158269454458e-03
40991               	1.231653549564e-02	-5.340611177697e-01	5.463776532653e-01	1.080438771035e+00	5.457117214988e-01	5.347270495363e-01	5.492335981260e-03	-5.402193855175e-01	6.158267747820e-03	-8.235252878209e-22	6.158267747820e-03	-6.158267747820e-03
40992               	1.231653208269e-02	-5.340610718722e-01	5.463776039549e-01	1.080438675827e+00	5.457116902739e-01	5.347269855531e-01	5.492352360408e-03	-5.402193379135e-01	6.158266041343e-03	-8.235252274680e-22	6.158266041343e-03	-6.158266041343e-03
40993               	1.231652867034e-02	-5.340610259775e-01	5.463775546478e-01	1.080438580625e+00	5.457116590504e-01	5.347269215749e-01	5.492368737739e-03	-5.402192903127e-01	6.158264335170e-03	-8.235251671178e-22	6.158264335170e-03	-6.158264335170e-03
40994               	1.231652525850e-02	-5.340609800854e-01	5.463775053439e-01	1.080438485429e+00	5.457116278283e-01	5.347268576011e-01	5.492385113594e-03	-5.402192427147e-01	6.158262629249e-03	-8.235251067707e-22	6.158262629249e-03	-6.158262629249e-03
40995               	1.231652184685e-02	-5.340609341956e-01	5.463774560424e-01	1.080438390238e+00	5.457115966071e-01	5.347267936309e-01	5.492401488129e-03	-5.402191951190e-01	6.158260923426e-03	-8.235250464261e-22	6.158260923426e-03	-6.158260923426e-03
40996               	1.231651843585e-02	-5.340608883086e-01	5.463774067444e-01	1.080438295053e+00	5.457115653875e-01	5.347267296654e-01	5.492417861040e-03	-5.402191475265e-01	6.158259217925e-03	-8.235249860849e-22	6.158259217925e-03	-6.158259217925e-03
40997               	1.231651502519e-02	-5.340608424239e-01	5.463773574491e-01	1.080438199873e+00	5.457115341690e-01	5.347266657039e-01	5.492434232553e-03	-5.402190999365e-01	6.158257512596e-03	-8.235249257466e-22	6.158257512596e-03	-6.158257512596e-03
40998               	1.231651161505e-02	-5.340607965419e-01	5.463773081569e-01	1.080438104699e+00	5.457115029520e-01	5.347266017468e-01	5.492450602578e-03	-5.402190523494e-01	6.158255807523e-03	-8.235248654110e-22	6.158255807523e-03	-6.158255807523e-03
40999               	1.231650820518e-02	-5.340607506621e-01	5.463772588673e-01	1.080438009529e+00	5.457114717361e-01	5.347265377934e-01	5.492466971321e-03	-5.402190047647e-01	6.158254102591e-03	-8.235248050781e-22	6.158254102591e-03	-6.158254102591e-03
41000               	1.231650479589e-02	-5.340607047852e-01	5.463772095811e-01	1.080437914366e+00	5.457114405215e-01	5.347264738447e-01	5.492483338435e-03	-5.402189571831e-01	6.158252397946e-03	-8.235247447487e-22	6.158252397946e-03	-6.158252397946e-03
41001               	1.231650138696e-02	-5.340606589106e-01	5.463771602976e-01	1.080437819208e+00	5.457114093083e-01	5.347264098999e-01	5.492499704182e-03	-5.402189096041e-01	6.158250693481e-03	-8.235246844215e-22	6.158250693481e-03	-6.158250693481e-03
41002               	1.231649797849e-02	-5.340606130386e-01	5.463771110171e-01	1.080437724056e+00	5.457113780962e-01	5.347263459594e-01	5.492516068380e-03	-5.402188620278e-01	6.158248989245e-03	-8.235246240979e-22	6.158248989245e-03	-6.158248989245e-03
41003               	1.231649457048e-02	-5.340605671693e-01	5.463770617398e-01	1.080437628909e+00	5.457113468856e-01	5.347262820234e-01	5.492532431073e-03	-5.402188144545e-01	6.158247285238e-03	-8.235245637769e-22	6.158247285238e-03	-6.158247285238e-03
41004               	1.231649116293e-02	-5.340605213024e-01	5.463770124653e-01	1.080437533768e+00	5.457113156762e-01	5.347262180914e-01	5.492548792382e-03	-5.402187668838e-01	6.158245581466e-03	-8.235245034589e-22	6.158245581466e-03	-6.158245581466e-03
41005               	1.231648775570e-02	-5.340604754379e-01	5.463769631936e-01	1.080437438631e+00	5.457112844680e-01	5.347261541635e-01	5.492565152256e-03	-5.402187193157e-01	6.158243877849e-03	-8.235244431437e-22	6.158243877849e-03	-6.158243877849e-03
