# Force and moment coefficients
# dragDir           : (9.848077530122e-01 1.736481776670e-01 0.000000000000e+00)
# sideDir           : (0.000000000000e+00 0.000000000000e+00 -1.000000000000e+00)
# liftDir           : (-1.736481776670e-01 9.848077530122e-01 0.000000000000e+00)
# rollAxis          : (9.848077530122e-01 1.736481776670e-01 0.000000000000e+00)
# pitchAxis         : (0.000000000000e+00 0.000000000000e+00 -1.000000000000e+00)
# yawAxis           : (-1.736481776670e-01 9.848077530122e-01 0.000000000000e+00)
# magUInf           : 5.214144376320e+01
# lRef              : 1.000000000000e+00
# Aref              : 1.000000000000e+00
# CofR              : (2.500000000000e-01 0.000000000000e+00 0.000000000000e+00)
#
# Time              	Cd                  	Cd(f)               	Cd(r)               	Cl                  	Cl(f)               	Cl(r)               	CmPitch             	CmRoll              	CmYaw               	Cs                  	Cs(f)               	Cs(r)               
1                   	5.822748529973e+00	-5.670452786750e+00	1.149320131672e+01	1.716365410347e+01	3.689260915540e+00	1.347439318793e+01	-4.892566136196e+00	-8.581827051736e+00	2.911374264986e+00	1.077752995554e-19	2.911374264986e+00	-2.911374264986e+00
2                   	8.359115897105e-01	-3.993105891371e-01	1.235222178848e+00	1.634532767985e+00	2.349226510241e-01	1.399610116961e+00	-5.823437329682e-01	-8.172663839924e-01	4.179557948553e-01	3.036680062502e-20	4.179557948553e-01	-4.179557948553e-01
3                   	1.673850175470e-01	7.392693567370e-02	9.345808187330e-02	1.953114619960e-02	4.511408304126e-01	-4.316096842130e-01	4.413752573128e-01	-9.765573099800e-03	8.369250877350e-02	1.937956913531e-20	8.369250877350e-02	-8.369250877350e-02
4                   	3.759823008956e-01	-4.149197028288e-01	7.909020037245e-01	1.205821706553e+00	4.230242484243e-01	7.827974581289e-01	-1.798866048523e-01	-6.029108532766e-01	1.879911504478e-01	2.393277220632e-20	1.879911504478e-01	-1.879911504478e-01
5                   	3.060270640328e-02	1.067765023253e-01	-7.617379592207e-02	-1.829502982474e-01	5.913016523361e-02	-2.420804634810e-01	1.506053143573e-01	9.147514912371e-02	1.530135320164e-02	2.064838518414e-20	1.530135320164e-02	-1.530135320164e-02
6                   	5.962551094292e-02	1.617301410424e-02	4.345249683868e-02	2.727948273444e-02	1.936631107629e-01	-1.663836280284e-01	1.800233693956e-01	-1.363974136722e-02	2.981275547146e-02	2.016573776357e-20	2.981275547146e-02	-2.981275547146e-02
7                   	1.479222545242e-01	-1.393237012150e-01	2.872459557392e-01	4.265696569543e-01	2.138180130322e-01	2.127516439221e-01	5.331845550170e-04	-2.132848284771e-01	7.396112726210e-02	2.161209055161e-20	7.396112726210e-02	-7.396112726210e-02
...
15153               	1.199853626095e-02	-5.392173145229e-01	5.512158507839e-01	1.090433165307e+00	5.524753766518e-01	5.379577886549e-01	7.258793998456e-03	-5.452165826534e-01	5.999268130476e-03	2.262006111064e-20	5.999268130476e-03	-5.999268130476e-03
15154               	1.199916798891e-02	-5.392184204265e-01	5.512175884154e-01	1.090436008842e+00	5.524775183206e-01	5.379584905214e-01	7.259513899606e-03	-5.452180044210e-01	5.999583994456e-03	2.261986078055e-20	5.999583994456e-03	-5.999583994456e-03
15155               	1.199853559595e-02	-5.392173089292e-01	5.512158445252e-01	1.090433153454e+00	5.524753727016e-01	5.379577807528e-01	7.258795974354e-03	-5.452165767272e-01	5.999267797973e-03	2.262006109151e-20	5.999267797973e-03	-5.999267797973e-03
15156               	1.199916731590e-02	-5.392184148161e-01	5.512175821320e-01	1.090435996948e+00	5.524775143590e-01	5.379584825891e-01	7.259515884923e-03	-5.452179984741e-01	5.999583657952e-03	2.261986076138e-20	5.999583657952e-03	-5.999583657952e-03
15157               	1.199853493305e-02	-5.392173033398e-01	5.512158382728e-01	1.090433141613e+00	5.524753687507e-01	5.379577728619e-01	7.258797944394e-03	-5.452165708063e-01	5.999267466527e-03	2.262006107234e-20	5.999267466527e-03	-5.999267466527e-03
15158               	1.199916665244e-02	-5.392184092304e-01	5.512175758828e-01	1.090435985113e+00	5.524775104101e-01	5.379584747030e-01	7.259517853553e-03	-5.452179925566e-01	5.999583326220e-03	2.261986074222e-20	5.999583326220e-03	-5.999583326220e-03
15159               	1.199853426649e-02	-5.392172977463e-01	5.512158320127e-01	1.090433129759e+00	5.524753647992e-01	5.379577649598e-01	7.258799919684e-03	-5.452165648795e-01	5.999267133245e-03	2.262006105321e-20	5.999267133245e-03	-5.999267133245e-03
15160               	1.199916599263e-02	-5.392184036497e-01	5.512175696423e-01	1.090435973292e+00	5.524775064690e-01	5.379584668230e-01	7.259519823021e-03	-5.452179866460e-01	5.999582996314e-03	2.261986072313e-20	5.999582996314e-03	-5.999582996314e-03
15161               	1.199853359768e-02	-5.392172921527e-01	5.512158257503e-01	1.090433117903e+00	5.524753608469e-01	5.379577570561e-01	7.258801895368e-03	-5.452165589515e-01	5.999266798841e-03	2.262006103408e-20	5.999266798841e-03	-5.999266798841e-03
15162               	1.199916532597e-02	-5.392183980647e-01	5.512175633906e-01	1.090435961455e+00	5.524775025243e-01	5.379584589309e-01	7.259521796704e-03	-5.452179807276e-01	5.999582662983e-03	2.261986070403e-20	5.999582662983e-03	-5.999582662983e-03
15163               	1.199853293437e-02	-5.392172865712e-01	5.512158195056e-01	1.090433106077e+00	5.524753569054e-01	5.379577491714e-01	7.258803866979e-03	-5.452165530384e-01	5.999266467187e-03	2.262006101493e-20	5.999266467187e-03	-5.999266467187e-03
15164               	1.199916466053e-02	-5.392183924812e-01	5.512175571417e-01	1.090435949623e+00	5.524774985762e-01	5.379584510468e-01	7.259523764695e-03	-5.452179748115e-01	5.999582330263e-03	2.261986068496e-20	5.999582330263e-03	-5.999582330263e-03
15165               	1.199853227004e-02	-5.392172809928e-01	5.512158132629e-01	1.090433094256e+00	5.524753529638e-01	5.379577412919e-01	7.258805835913e-03	-5.452165471278e-01	5.999266135018e-03	2.262006099585e-20	5.999266135018e-03	-5.999266135018e-03
15166               	1.199916399966e-02	-5.392183869074e-01	5.512175509070e-01	1.090435937814e+00	5.524774946368e-01	5.379584431776e-01	7.259525729622e-03	-5.452179689072e-01	5.999581999832e-03	2.261986066590e-20	5.999581999832e-03	-5.999581999832e-03
15167               	1.199853160611e-02	-5.392172754158e-01	5.512158070220e-01	1.090433082438e+00	5.524753490232e-01	5.379577334145e-01	7.258807804348e-03	-5.452165412189e-01	5.999265803057e-03	2.262006097679e-20	5.999265803057e-03	-5.999265803057e-03
15168               	1.199916333612e-02	-5.392183813359e-01	5.512175446720e-01	1.090435926008e+00	5.524774907007e-01	5.379584353072e-01	7.259527696784e-03	-5.452179630039e-01	5.999581668059e-03	2.261986064682e-20	5.999581668059e-03	-5.999581668059e-03
15169               	1.199853094530e-02	-5.392172698510e-01	5.512158007963e-01	1.090433070647e+00	5.524753450889e-01	5.379577255584e-01	7.258809765248e-03	-5.452165353236e-01	5.999265472651e-03	2.262006095769e-20	5.999265472651e-03	-5.999265472651e-03
15170               	1.199916267333e-02	-5.392183757651e-01	5.512175384384e-01	1.090435914203e+00	5.524774867667e-01	5.379584274368e-01	7.259529664959e-03	-5.452179571017e-01	5.999581336667e-03	2.261986062776e-20	5.999581336667e-03	-5.999581336667e-03
15171               	1.199853028818e-02	-5.392172642920e-01	5.512157945801e-01	1.090433058872e+00	5.524753411607e-01	5.379577177115e-01	7.258811724590e-03	-5.452165294361e-01	5.999265144088e-03	2.262006093866e-20	5.999265144088e-03	-5.999265144088e-03
15172               	1.199916200914e-02	-5.392183701991e-01	5.512175322082e-01	1.090435902407e+00	5.524774828325e-01	5.379584195748e-01	7.259531628880e-03	-5.452179512036e-01	5.999581004570e-03	2.261986060874e-20	5.999581004570e-03	-5.999581004570e-03
