# Force and moment coefficients
# dragDir           : (9.848077530122e-01 1.736481776670e-01 0.000000000000e+00)
# sideDir           : (0.000000000000e+00 0.000000000000e+00 -1.000000000000e+00)
# liftDir           : (-1.736481776670e-01 9.848077530122e-01 0.000000000000e+00)
# rollAxis          : (9.848077530122e-01 1.736481776670e-01 0.000000000000e+00)
# pitchAxis         : (0.000000000000e+00 0.000000000000e+00 -1.000000000000e+00)
# yawAxis           : (-1.736481776670e-01 9.848077530122e-01 0.000000000000e+00)
# magUInf           : 1.000000000000e+00
# lRef              : 1.000000000000e+00
# Aref              : 1.000000000000e+00
# CofR              : (2.500000000000e-01 0.000000000000e+00 0.000000000000e+00)
#
# Time              	Cd                  	Cd(f)               	Cd(r)               	Cl                  	Cl(f)               	Cl(r)               	CmPitch             	CmRoll              	CmYaw               	Cs                  	Cs(f)               	Cs(r)               
1                   	6.868325607529e-01	-6.652084005506e-01	1.352040961303e+00	2.017249361854e+00	4.619352951878e-01	1.555314066666e+00	-5.466893857392e-01	-1.008624680927e+00	3.434162803764e-01	9.326672401199e-21	3.434162803764e-01	-3.434162803764e-01
2                   	3.346432213128e-01	-2.742381677217e-01	6.088813890345e-01	8.831195567562e-01	3.570098511975e-01	5.261097055588e-01	-8.454992718065e-02	-4.415597783781e-01	1.673216106564e-01	-4.563580266459e-21	1.673216106564e-01	-1.673216106564e-01
3                   	1.637734504393e-01	-1.797659117622e-01	3.435393622015e-01	5.233052739637e-01	3.293432945012e-01	1.939619794625e-01	6.769065751936e-02	-2.616526369818e-01	8.188672521964e-02	-2.273032419584e-21	8.188672521964e-02	-8.188672521964e-02
4                   	8.554270752531e-02	-1.995553786008e-01	2.850980861261e-01	4.846534647269e-01	3.109420746105e-01	1.737113901164e-01	6.861534224704e-02	-2.423267323634e-01	4.277135376265e-02	-2.302777711244e-22	4.277135376265e-02	-4.277135376265e-02
5                   	5.986093086229e-02	-2.296010607463e-01	2.894619916086e-01	5.190630523548e-01	3.044402649357e-01	2.146227874191e-01	4.490873875828e-02	-2.595315261774e-01	2.993046543114e-02	-4.472525633333e-23	2.993046543114e-02	-2.993046543114e-02
6                   	5.681962880785e-02	-2.632877714331e-01	3.201074002409e-01	5.833951716740e-01	3.095603739455e-01	2.738347977285e-01	1.786278810851e-02	-2.916975858370e-01	2.840981440393e-02	3.246012635530e-22	2.840981440393e-02	-2.840981440393e-02
7                   	6.101798673672e-02	-2.896430743742e-01	3.506610611109e-01	6.403041354851e-01	3.197568869192e-01	3.205472485659e-01	-3.951808233412e-04	-3.201520677425e-01	3.050899336836e-02	4.512446598889e-22	3.050899336836e-02	-3.050899336836e-02
...
39981               	1.478042767330e-02	-5.184018048352e-01	5.331822325085e-01	1.051584037344e+00	5.357313771189e-01	5.158526602247e-01	9.939358447066e-03	-5.257920186718e-01	7.390213836648e-03	-1.547206310231e-21	7.390213836648e-03	-7.390213836648e-03
39982               	1.480881884546e-02	-5.183872582754e-01	5.331960771209e-01	1.051583335396e+00	5.357313359695e-01	5.158519994268e-01	9.939668271374e-03	-5.257916676982e-01	7.404409422728e-03	-1.553298311046e-21	7.404409422728e-03	-7.404409422728e-03
39983               	1.478042767468e-02	-5.184018048221e-01	5.331822324968e-01	1.051584037319e+00	5.357313771091e-01	5.158526602098e-01	9.939358449653e-03	-5.257920186594e-01	7.390213837338e-03	-1.547206310232e-21	7.390213837338e-03	-7.390213837338e-03
39984               	1.480881884696e-02	-5.183872582628e-01	5.331960771097e-01	1.051583335372e+00	5.357313359599e-01	5.158519994126e-01	9.939668273675e-03	-5.257916676862e-01	7.404409423481e-03	-1.553298311045e-21	7.404409423481e-03	-7.404409423481e-03
39985               	1.478042767630e-02	-5.184018048098e-01	5.331822324861e-01	1.051584037296e+00	5.357313770996e-01	5.158526601963e-01	9.939358451681e-03	-5.257920186479e-01	7.390213838148e-03	-1.547206310226e-21	7.390213838148e-03	-7.390213838148e-03
39986               	1.480881884871e-02	-5.183872582509e-01	5.331960770996e-01	1.051583335350e+00	5.357313359507e-01	5.158519993998e-01	9.939668275424e-03	-5.257916676752e-01	7.404409424354e-03	-1.553298311037e-21	7.404409424354e-03	-7.404409424354e-03
39987               	1.478042767816e-02	-5.184018047984e-01	5.331822324765e-01	1.051584037275e+00	5.357313770906e-01	5.158526601843e-01	9.939358453177e-03	-5.257920186374e-01	7.390213839079e-03	-1.547206310213e-21	7.390213839079e-03	-7.390213839079e-03
39988               	1.480881885063e-02	-5.183872582399e-01	5.331960770905e-01	1.051583335330e+00	5.357313359419e-01	5.158519993885e-01	9.939668276679e-03	-5.257916676652e-01	7.404409425315e-03	-1.553298311025e-21	7.404409425315e-03	-7.404409425315e-03
39989               	1.478042768013e-02	-5.184018047878e-01	5.331822324680e-01	1.051584037256e+00	5.357313770821e-01	5.158526601737e-01	9.939358454183e-03	-5.257920186279e-01	7.390213840063e-03	-1.547206310195e-21	7.390213840063e-03	-7.390213840063e-03
39990               	1.480881885268e-02	-5.183872582299e-01	5.331960770825e-01	1.051583335312e+00	5.357313359336e-01	5.158519993788e-01	9.939668277426e-03	-5.257916676562e-01	7.404409426342e-03	-1.553298311006e-21	7.404409426342e-03	-7.404409426342e-03
39991               	1.478042768225e-02	-5.184018047783e-01	5.331822324606e-01	1.051584037239e+00	5.357313770742e-01	5.158526601648e-01	9.939358454688e-03	-5.257920186195e-01	7.390213841126e-03	-1.547206310171e-21	7.390213841126e-03	-7.390213841126e-03
39992               	1.480881885486e-02	-5.183872582209e-01	5.331960770757e-01	1.051583335297e+00	5.357313359260e-01	5.158519993706e-01	9.939668277708e-03	-5.257916676483e-01	7.404409427429e-03	-1.553298310983e-21	7.404409427429e-03	-7.404409427429e-03
39993               	1.478042768447e-02	-5.184018047698e-01	5.331822324543e-01	1.051584037224e+00	5.357313770668e-01	5.158526601573e-01	9.939358454760e-03	-5.257920186121e-01	7.390213842233e-03	-1.547206310144e-21	7.390213842233e-03	-7.390213842233e-03
39994               	1.480881885709e-02	-5.183872582129e-01	5.331960770700e-01	1.051583335283e+00	5.357313359190e-01	5.158519993638e-01	9.939668277586e-03	-5.257916676414e-01	7.404409428546e-03	-1.553298310955e-21	7.404409428546e-03	-7.404409428546e-03
39995               	1.478042768671e-02	-5.184018047623e-01	5.331822324491e-01	1.051584037211e+00	5.357313770601e-01	5.158526601512e-01	9.939358454449e-03	-5.257920186057e-01	7.390213843353e-03	-1.547206310112e-21	7.390213843353e-03	-7.390213843353e-03
39996               	1.480881885935e-02	-5.183872582059e-01	5.331960770653e-01	1.051583335271e+00	5.357313359127e-01	5.158519993586e-01	9.939668277061e-03	-5.257916676356e-01	7.404409429677e-03	-1.553298310925e-21	7.404409429677e-03	-7.404409429677e-03
39997               	1.478042768897e-02	-5.184018047559e-01	5.331822324449e-01	1.051584037201e+00	5.357313770542e-01	5.158526601466e-01	9.939358453762e-03	-5.257920186004e-01	7.390213844484e-03	-1.547206310079e-21	7.390213844484e-03	-7.390213844484e-03
39998               	1.480881886160e-02	-5.183872582000e-01	5.331960770616e-01	1.051583335262e+00	5.357313359070e-01	5.158519993546e-01	9.939668276220e-03	-5.257916676308e-01	7.404409430798e-03	-1.553298310892e-21	7.404409430798e-03	-7.404409430798e-03
39999               	1.478042769121e-02	-5.184018047505e-01	5.331822324417e-01	1.051584037192e+00	5.357313770488e-01	5.158526601433e-01	9.939358452752e-03	-5.257920185961e-01	7.390213845603e-03	-1.547206310041e-21	7.390213845603e-03	-7.390213845603e-03
40000               	1.480881886382e-02	-5.183872581951e-01	5.331960770589e-01	1.051583335254e+00	5.357313359020e-01	5.158519993520e-01	9.939668275040e-03	-5.257916676270e-01	7.404409431911e-03	-1.553298310857e-21	7.404409431911e-03	-7.404409431911e-03
