NACA 4412
1 -1.6908399199890273E-17
0.99962182074193129 0.00010569408691599038
0.99848778906066837 0.00042225640056624557
0.99659942349620256 0.00094813133419975777
0.99395925579484168 0.0016807402516997522
0.99057083209477093 0.0026165022953349511
0.98643871442106879 0.0037508630129324452
0.9815684823324542 0.0050783303151537944
0.97596673452674387 0.0065925171538968215
0.9696410901834901 0.0082861902076211118
0.96260018980153417 0.010151323771114398
0.95485369527686503 0.01217915797796036
0.94641228896258422 0.014360260435362988
0.93728767145791969 0.016684590324147996
0.92749255788673901 0.019141564012294131
0.91704067244726262 0.021720121248261622
0.90594674104263195 0.024408791040163282
0.89422648183545994 0.027195756387353148
0.88189659360703021 0.030068917110675632
0.8689747418417797 0.033015950124261423
0.8554795424984647 0.036024366602792783
0.84143054346921942 0.039081565620569865
0.82684820376493973 0.042174883969167638
0.81175387049851477 0.045291641995381784
0.79616975376505694 0.048419185436781448
0.78011889953932667 0.051544923364696717
0.76362516072423348 0.054656362470094685
0.74671316649014485 0.057741138042896323
0.7294082900426283 0.060787042096462414
0.71173661494649787 0.063782049173158592
0.69372490011720389 0.066714340431479294
0.67540054356772716 0.069572326658031189
0.65679154497143566 0.072344670867224251
0.63792646707042888 0.075020311146880514
0.61883439592639766 0.077588484378927111
0.59954489997886462 0.080038751411359049
0.58008798784570059 0.082361024181902442
0.56049406477490626 0.084545595197128787
0.54079388763649994 0.086583169655640668
0.52101851833052948 0.088464900373431188
0.50119927548291576 0.090182425527175397
0.48136768430599347 0.091727909081010306
0.46155542451572867 0.093094083608572256
0.44179427622276818 0.094274295069154884
0.42211606374936733 0.095262548949340234
0.4025525973680793 0.096053557043814117
0.38286669392020328 0.09660237240257627
0.36331397330161863 0.096841934620737979
0.34397089229005645 0.096771837668332236
0.32487139894025874 0.096394091721292596
0.30604913954386453 0.095712256526879397
0.28753735765170385 0.094731436812665049
0.2693687918410812 0.093458265927999551
0.25157557332063124 0.091900876985067451
0.23418912452887161 0.090068860928779526
0.2172400599153404 0.087973211150485855
0.20075809009316348 0.085626254465933666
0.18477193051816718 0.083041568498855634
0.16930921578247696 0.080233885743964325
0.15439642051123476 0.077218984823228295
0.14005878772187019 0.07401356969422089
0.12632026534923424 0.070635137817609647
0.1132034514601962 0.067101838543390843
0.10072954848133715 0.063432323237073859
0.088918326545649365 0.059645588949025538
0.077788095829272 0.055760817755371436
0.067355687493809505 0.051797214310681058
0.057636442562315884 0.047773844733716452
0.048644207710352411 0.043709480857556139
0.040391336487666248 0.039622455433773539
0.032888693770007069 0.035530536753679551
0.026145659980281535 0.031450836805062915
0.020170129118463588 0.027399778959171065
0.01496848913854514 0.023393177968355605
0.010545559829990144 0.019446550782941295
0.006904427012717102 0.01557595567826032
0.0040459988365337462 0.011800213906893346
0.0019676906673746835 0.0081474334810587232
0.00065866255849091266 0.0046785193872941134
7.6038473005716456E-05 0.0016043647442454225
0 0
0.00073586527061632778 -0.0046715186026677026
0.002784459529538927 -0.0088533253243534334
0.0054122755969343043 -0.011989108483081979
0.0087553086824423438 -0.01478302714473295
0.012821937242035949 -0.017317313854991939
0.017607917134124237 -0.019617913442578669
0.023105032257747488 -0.021696844768203397
0.029303025834069341 -0.023561480585921685
0.036190245088851512 -0.0252174777697847
0.043753926801125713 -0.026669925074246894
0.051980358175623097 -0.02792386650078961
0.060854987239030579 -0.028984570125043654
0.070362509811876264 -0.029857680344184005
0.080486943766312824 -0.030549311025807727
0.091211694911077182 -0.031066105481711275
0.10251961615445997 -0.031415275595289067
0.11439306041326874 -0.031604626130267294
0.12681392722864804 -0.031642567163462573
0.13976370287002532 -0.03153811602047267
0.15322349369849028 -0.031300889295287702
0.16717405264306906 -0.030941085145180618
0.18159579877612497 -0.030469455892260376
0.19646883013301733 -0.029897270938783607
0.21177293009020223 -0.02923627006258642
0.22748756778369456 -0.028498607271071136
0.24359189320741481 -0.027696785537589003
0.2600647277714061 -0.026843582909381349
0.27688455121757916 -0.025951970651404178
0.29402948588117767 -0.025035024267176496
0.31147727934640645 -0.02410582840920138
0.32920528657275072 -0.023177376851226453
0.34719045256381009 -0.022262468836954614
0.36540929661361671 -0.021373603239720682
0.38383789909826516 -0.020522872060688983
0.40248853214428126 -0.019721052877026371
0.42156901166650385 -0.018918296800704244
0.4407763745474747 -0.018085503259407991
0.46008248478795472 -0.017230476628158877
0.47945893764262648 -0.01636069531509806
0.49887709418091636 -0.015483250567026829
0.5183081182378636 -0.014604792338911449
0.53772301560747926 -0.013731483016012938
0.55709267528665551 -0.012868959598758797
0.57638791254250188 -0.01202230477202533
0.59557951355076777 -0.011196027086839051
0.6146382813381297 -0.010394050288399841
0.63353508275645454 -0.0096197116344774649
0.65224089622218995 -0.0088757688671550761
0.67072685996787607 -0.0081644153327897814
0.68896432057415402 -0.0074873025937315877
0.70692488157805411 -0.0068455697440627941
0.72458045198505072 -0.0062398785330936395
0.74190329454649107 -0.0056704533166135199
0.75886607369868131 -0.0051371247983135384
0.77544190309325622 -0.0046393764930050835
0.79160439267873872 -0.0041763928391950964
0.80732769531889981 -0.0037471079104861122
0.82258655295330474 -0.0033502537217268971
0.83735634231838696 -0.00298440719484213
0.8516131202528 -0.0026480349382684131
0.86533366860846173 -0.0023395350999253243
0.87849553877867337 -0.0020572756733078078
0.89107709583746086 -0.0017996287659843146
0.90305756226062084 -0.001565000475760279
0.91441706116997123 -0.0013518561581926472
0.92513665900933117 -0.0011587410062430603
0.93519840752532934 -0.00098429599499647198
0.9445853848899155 -0.00082726936815284615
0.95328173576611275 -0.00068652395532643111
0.96127271008582227 -0.00056104070736241415
0.96854470027992146 -0.00044991891864245431
0.97508527667797118 -0.00035237366893344928
0.9808832207787731 -0.00026773106149328199
0.98592855608474939 -0.00019542185819012005
0.99021257619336367 -0.00013497411616459292
0.99372786984785821 -8.6005414476092906E-05
0.99646834266747142 -4.8215224141059715E-05
0.99842923530368966 -2.1377922416152509E-05
0.99960713780328991 -5.3368839704879966E-06
0.99999999999999978 4.4655515835607639E-17
