NACA 0009
1 -1.249000902703301E-17
0.99961451812036151 4.2011820367828656E-05
0.99845866686656404 0.00016785647696801741
0.9965342284774632 0.00037696365296515234
0.99384417029756889 0.00066838975777700133
0.99039264020161522 0.0010408281546529978
0.98618496019883828 0.0014926231270063197
0.98122761822682358 0.0020217872427429201
0.97552825814757682 0.0026260216945877494
0.96909566796124214 0.0033027391246644969
0.96193976625564337 0.0040490883852593957
0.95407158691254068 0.0048619806463534605
0.94550326209418389 0.0057381162353110776
0.93624800353639848 0.0066740115857998701
0.92632008217704609 0.0076660256818700291
0.91573480615127245 0.0087103854089756148
0.90450849718747373 0.0098032092659308939
0.89265846544037253 0.010940528949303016
0.88020298280001541 0.012118308393044567
0.86716125471784278 0.013332459929405301
0.85355339059327373 0.014578857330126939
0.83940037276647073 0.015853345587135467
0.82472402416509172 0.017151747396719704
0.80954697465491687 0.018469866417673106
0.79389262614623646 0.019803487479183833
0.7777851165098012 0.021148374015469935
0.7612492823579744 0.022500263098457408
0.74431062074847754 0.023854858524511854
0.72699524986977337 0.025207822483920825
0.70932986876871396 0.026554766400319497
0.69134171618254481 0.027891241569761666
0.67305852853874637 0.029212730254240895
0.65450849718747373 0.030514637891203237
0.63572022493253721 0.031792287068456021
0.61672268192795265 0.033040913882852428
0.5975451610080641 0.034255667251695869
0.57821723252011525 0.035431611678918361
0.55876869872891877 0.036563733895171278
0.53922954786392241 0.037646953693881526
0.51962990787953411 0.038676139176323544
0.49999999999999994 0.039646126500428681
0.48037009212046566 0.04055174410326514
0.46077045213607748 0.041387841238952797
0.44123130127108112 0.042149320545441682
0.42178276747988452 0.042831174228345106
0.40245483899193585 0.043428523331126366
0.38327731807204724 0.043936659451526382
0.36427977506746284 0.044351088167142373
0.34549150281252627 0.044667573351218959
0.32694147146125352 0.04488218149535661
0.30865828381745508 0.04499132511095099
0.29067013123128593 0.044991804257281047
0.27300475013022657 0.044880845242307045
0.25568937925152252 0.044656135562947091
0.23875071764202555 0.044315854194864522
0.22221488349019886 0.043858696407067188
0.20610737385376343 0.043283892362806692
0.19045302534508302 0.042591218873776163
0.17527597583490812 0.041781003797354527
0.16059962723352911 0.040854122704122656
0.14644660940672621 0.039811987592181353
0.13283874528215722 0.03865652758272492
0.11979701719998453 0.037390161694408702
0.10734153455962753 0.036015763958680828
0.095491502812526274 0.034536621300726454
0.084265193848727382 0.032956384767312004
0.073679917822953855 0.03127901483001614
0.063751996463601412 0.029508721626680421
0.054496737905816051 0.027649901122243671
0.045928413087459319 0.025707068269621398
0.038060233744356631 0.023684788329531862
0.03090433203875792 0.021587607563198299
0.024471741852423234 0.019419984542224211
0.018772381773176361 0.017186223324743548
0.013815039801161721 0.014890409725860898
0.0096073597983847847 0.012536351863665762
0.0061558297024311148 0.010127526090559096
0.0034657715225368535 0.007667029324655023
0.0015413331334360181 0.0051575386795357494
0.00038548187963854952 0.002601279155050686
0 0
0.00038548187963854952 -0.002601279155050686
0.0015413331334360181 -0.0051575386795357494
0.0034657715225368535 -0.007667029324655023
0.0061558297024311148 -0.010127526090559096
0.0096073597983847847 -0.012536351863665762
0.013815039801161721 -0.014890409725860898
0.018772381773176361 -0.017186223324743548
0.024471741852423234 -0.019419984542224211
0.03090433203875792 -0.021587607563198299
0.038060233744356631 -0.023684788329531862
0.045928413087459319 -0.025707068269621398
0.054496737905816051 -0.027649901122243671
0.063751996463601412 -0.029508721626680421
0.073679917822953855 -0.03127901483001614
0.084265193848727382 -0.032956384767312004
0.095491502812526274 -0.034536621300726454
0.10734153455962753 -0.036015763958680828
0.11979701719998453 -0.037390161694408702
0.13283874528215722 -0.03865652758272492
0.14644660940672621 -0.039811987592181353
0.16059962723352911 -0.040854122704122656
0.17527597583490812 -0.041781003797354527
0.19045302534508302 -0.042591218873776163
0.20610737385376343 -0.043283892362806692
0.22221488349019886 -0.043858696407067188
0.23875071764202555 -0.044315854194864522
0.25568937925152252 -0.044656135562947091
0.27300475013022657 -0.044880845242307045
0.29067013123128593 -0.044991804257281047
0.30865828381745508 -0.04499132511095099
0.32694147146125352 -0.04488218149535661
0.34549150281252627 -0.044667573351218959
0.36427977506746284 -0.044351088167142373
0.38327731807204724 -0.043936659451526382
0.40245483899193585 -0.043428523331126366
0.42178276747988452 -0.042831174228345106
0.44123130127108112 -0.042149320545441682
0.46077045213607748 -0.041387841238952797
0.48037009212046566 -0.04055174410326514
0.49999999999999994 -0.039646126500428681
0.51962990787953411 -0.038676139176323544
0.53922954786392241 -0.037646953693881526
0.55876869872891877 -0.036563733895171278
0.57821723252011525 -0.035431611678918361
0.5975451610080641 -0.034255667251695869
0.61672268192795265 -0.033040913882852428
0.63572022493253721 -0.031792287068456021
0.65450849718747373 -0.030514637891203237
0.67305852853874637 -0.029212730254240895
0.69134171618254481 -0.027891241569761666
0.70932986876871396 -0.026554766400319497
0.72699524986977337 -0.025207822483920825
0.74431062074847754 -0.023854858524511854
0.7612492823579744 -0.022500263098457408
0.7777851165098012 -0.021148374015469935
0.79389262614623646 -0.019803487479183833
0.80954697465491687 -0.018469866417673106
0.82472402416509172 -0.017151747396719704
0.83940037276647073 -0.015853345587135467
0.85355339059327373 -0.014578857330126939
0.86716125471784278 -0.013332459929405301
0.88020298280001541 -0.012118308393044567
0.89265846544037253 -0.010940528949303016
0.90450849718747373 -0.0098032092659308939
0.91573480615127245 -0.0087103854089756148
0.92632008217704609 -0.0076660256818700291
0.93624800353639848 -0.0066740115857998701
0.94550326209418389 -0.0057381162353110776
0.95407158691254068 -0.0048619806463534605
0.96193976625564337 -0.0040490883852593957
0.96909566796124214 -0.0033027391246644969
0.97552825814757682 -0.0026260216945877494
0.98122761822682358 -0.0020217872427429201
0.98618496019883828 -0.0014926231270063197
0.99039264020161522 -0.0010408281546529978
0.99384417029756889 -0.00066838975777700133
0.9965342284774632 -0.00037696365296515234
0.99845866686656404 -0.00016785647696801741
0.99961451812036151 -4.2011820367828656E-05
1 1.249000902703301E-17
