NACA 0012
1 -1.6653345369377347E-17
0.99961451812036151 5.6015760490438213E-05
0.99845866686656404 0.00022380863595735656
0.9965342284774632 0.00050261820395353649
0.99384417029756889 0.00089118634370266841
0.99039264020161522 0.001387770872870664
0.98618496019883839 0.0019901641693417182
0.98122761822682358 0.0026957163236572268
0.97552825814757682 0.0035013622594503328
0.96909566796124202 0.0044036521662193292
0.96193976625564337 0.005398784513679194
0.95407158691254068 0.0064826408618046142
0.94550326209418389 0.0076508216470814374
0.93624800353639859 0.0088986821143997863
0.92632008217704609 0.010221367575826706
0.91573480615127267 0.011613847211967463
0.90450849718747373 0.013070945687907858
0.89265846544037242 0.014587371932404055
0.88020298280001552 0.016157744524059398
0.86716125471784278 0.017776613239207071
0.85355339059327373 0.019438476440169251
0.83940037276647095 0.021137794116180629
0.82472402416509172 0.022868996528959608
0.8095469746549171 0.02462648855689745
0.79389262614623646 0.026404649972245113
0.77778511650980109 0.028197832020626604
0.7612492823579744 0.03000035079794321
0.74431062074847743 0.031806478032682495
0.72699524986977337 0.033610429978561097
0.70932986876871396 0.035406355200426003
0.69134171618254492 0.037188322093015549
0.67305852853874659 0.038950307005654494
0.65450849718747373 0.040686183854937656
0.6357202249325371 0.042389716091274697
0.61672268192795265 0.04405455184380324
0.5975451610080641 0.045674223002261163
0.57821723252011548 0.047242148905224463
0.55876869872891877 0.048751645193561711
0.53922954786392252 0.05019593825850871
0.51962990787953423 0.051568185568431367
0.5 0.052861502000571582
0.48037009212046566 0.054068992137686858
0.46077045213607748 0.055183788318603731
0.44123130127108123 0.056199094060588914
0.42178276747988458 0.057108232304460146
0.4024548389919359 0.057904697774835132
0.38327731807204729 0.058582212602035173
0.36427977506746284 0.0591347842228565
0.34549150281252633 0.059556764468291952
0.32694147146125352 0.059842908660475487
0.30865828381745508 0.059988433481267991
0.29067013123128593 0.059989072343041405
0.27300475013022663 0.059841126989742761
0.25568937925152257 0.059541514083929457
0.2387507176420256 0.059087805593152687
0.22221488349019891 0.058478261876089579
0.20610737385376343 0.057711856483742253
0.19045302534508296 0.056788291831701539
0.17527597583490823 0.055708005063139381
0.16059962723352916 0.054472163605496886
0.14644660940672621 0.053082650122908477
0.13283874528215722 0.05154203677696656
0.11979701719998453 0.049853548925878274
0.10734153455962753 0.048021018611574443
0.095491502812526274 0.046048828400968606
0.084265193848727382 0.043941846356416008
0.073679917822953855 0.041705353106688194
0.063751996463601412 0.039344962168907226
0.054496737905816051 0.03686653482965823
0.045928413087459374 0.03427609102616188
0.038060233744356631 0.031579717772709154
0.03090433203875792 0.028783476750931066
0.024471741852423234 0.025893312722965616
0.018772381773176361 0.022914964432991399
0.013815039801161721 0.019853879634481198
0.0096073597983847847 0.016715135818221018
0.0061558297024311148 0.013503368120745462
0.0034657715225368535 0.010222705766206699
0.0015413331334360181 0.0068767182393809998
0.00038548187963854952 0.0034683722067342482
0 0
0.00038548187963854952 -0.0034683722067342482
0.0015413331334360181 -0.0068767182393809998
0.0034657715225368535 -0.010222705766206699
0.0061558297024311148 -0.013503368120745462
0.0096073597983847847 -0.016715135818221018
0.013815039801161721 -0.019853879634481198
0.018772381773176361 -0.022914964432991399
0.024471741852423234 -0.025893312722965616
0.03090433203875792 -0.028783476750931066
0.038060233744356631 -0.031579717772709154
0.045928413087459374 -0.03427609102616188
0.054496737905816051 -0.03686653482965823
0.063751996463601412 -0.039344962168907226
0.073679917822953855 -0.041705353106688194
0.084265193848727382 -0.043941846356416008
0.095491502812526274 -0.046048828400968606
0.10734153455962753 -0.048021018611574443
0.11979701719998453 -0.049853548925878274
0.13283874528215722 -0.05154203677696656
0.14644660940672621 -0.053082650122908477
0.16059962723352916 -0.054472163605496886
0.17527597583490823 -0.055708005063139381
0.19045302534508296 -0.056788291831701539
0.20610737385376343 -0.057711856483742253
0.22221488349019891 -0.058478261876089579
0.2387507176420256 -0.059087805593152687
0.25568937925152257 -0.059541514083929457
0.27300475013022663 -0.059841126989742761
0.29067013123128593 -0.059989072343041405
0.30865828381745508 -0.059988433481267991
0.32694147146125352 -0.059842908660475487
0.34549150281252633 -0.059556764468291952
0.36427977506746284 -0.0591347842228565
0.38327731807204729 -0.058582212602035173
0.4024548389919359 -0.057904697774835132
0.42178276747988458 -0.057108232304460146
0.44123130127108123 -0.056199094060588914
0.46077045213607748 -0.055183788318603731
0.48037009212046566 -0.054068992137686858
0.5 -0.052861502000571582
0.51962990787953423 -0.051568185568431367
0.53922954786392252 -0.05019593825850871
0.55876869872891877 -0.048751645193561711
0.57821723252011548 -0.047242148905224463
0.5975451610080641 -0.045674223002261163
0.61672268192795265 -0.04405455184380324
0.6357202249325371 -0.042389716091274697
0.65450849718747373 -0.040686183854937656
0.67305852853874659 -0.038950307005654494
0.69134171618254492 -0.037188322093015549
0.70932986876871396 -0.035406355200426003
0.72699524986977337 -0.033610429978561097
0.74431062074847743 -0.031806478032682495
0.7612492823579744 -0.03000035079794321
0.77778511650980109 -0.028197832020626604
0.79389262614623646 -0.026404649972245113
0.8095469746549171 -0.02462648855689745
0.82472402416509172 -0.022868996528959608
0.83940037276647095 -0.021137794116180629
0.85355339059327373 -0.019438476440169251
0.86716125471784278 -0.017776613239207071
0.88020298280001552 -0.016157744524059398
0.89265846544037242 -0.014587371932404055
0.90450849718747373 -0.013070945687907858
0.91573480615127267 -0.011613847211967463
0.92632008217704609 -0.010221367575826706
0.93624800353639859 -0.0088986821143997863
0.94550326209418389 -0.0076508216470814374
0.95407158691254068 -0.0064826408618046142
0.96193976625564337 -0.005398784513679194
0.96909566796124202 -0.0044036521662193292
0.97552825814757682 -0.0035013622594503328
0.98122761822682358 -0.0026957163236572268
0.98618496019883839 -0.0019901641693417182
0.99039264020161522 -0.001387770872870664
0.99384417029756889 -0.00089118634370266841
0.9965342284774632 -0.00050261820395353649
0.99845866686656404 -0.00022380863595735656
0.99961451812036151 -5.6015760490438213E-05
1 1.6653345369377347E-17
