# Force and moment coefficients
# dragDir           : (9.848077530122e-01 1.736481776670e-01 0.000000000000e+00)
# sideDir           : (0.000000000000e+00 0.000000000000e+00 -1.000000000000e+00)
# liftDir           : (-1.736481776670e-01 9.848077530122e-01 0.000000000000e+00)
# rollAxis          : (9.848077530122e-01 1.736481776670e-01 0.000000000000e+00)
# pitchAxis         : (0.000000000000e+00 0.000000000000e+00 -1.000000000000e+00)
# yawAxis           : (-1.736481776670e-01 9.848077530122e-01 0.000000000000e+00)
# magUInf           : 1.000000000000e+00
# lRef              : 1.000000000000e+00
# Aref              : 1.000000000000e+00
# CofR              : (2.500000000000e-01 0.000000000000e+00 0.000000000000e+00)
#
# Time              	Cd                  	Cd(f)               	Cd(r)               	Cl                  	Cl(f)               	Cl(r)               	CmPitch             	CmRoll              	CmYaw               	Cs                  	Cs(f)               	Cs(r)               
1                   	2.861428101264e+00	-2.776081987324e+00	5.637510088589e+00	8.413592075913e+00	1.837492257710e+00	6.576099818203e+00	-2.369303780246e+00	-4.206796037957e+00	1.430714050632e+00	-1.488218883579e-20	1.430714050632e+00	-1.430714050632e+00
2                   	6.011351929468e-01	-5.210484822740e-01	1.122183675221e+00	1.643232157495e+00	5.630791591885e-01	1.080152998306e+00	-2.585369195588e-01	-8.216160787474e-01	3.005675964734e-01	-2.476417801152e-20	3.005675964734e-01	-3.005675964734e-01
3                   	2.013846793480e-02	1.276631883306e-01	-1.075247203958e-01	-2.351879087263e-01	2.001884684568e-01	-4.353763771831e-01	3.177824228200e-01	1.175939543632e-01	1.006923396740e-02	-7.209435654257e-21	1.006923396740e-02	-1.006923396740e-02
4                   	2.257249788054e-02	-3.711398453216e-03	2.628389633376e-02	2.999529478697e-02	1.632779722227e-01	-1.332826774357e-01	1.482803248292e-01	-1.499764739349e-02	1.128624894027e-02	-3.390372604551e-22	1.128624894027e-02	-1.128624894027e-02
5                   	6.426854367624e-02	-1.118473099798e-01	1.761158536560e-01	2.879631636358e-01	1.934444767235e-01	9.451868691233e-02	4.946289490558e-02	-1.439815818179e-01	3.213427183812e-02	-4.465931869163e-22	3.213427183812e-02	-3.213427183812e-02
6                   	7.316548900777e-02	-1.415369291895e-01	2.147024181973e-01	3.562393473868e-01	2.137963036023e-01	1.424430437845e-01	3.567662990886e-02	-1.781196736934e-01	3.658274450389e-02	-1.135223157739e-21	3.658274450389e-02	-3.658274450389e-02
7                   	7.128946496636e-02	-1.524944288173e-01	2.237838937837e-01	3.762783226010e-01	2.277733296581e-01	1.485049929429e-01	3.963416835760e-02	-1.881391613005e-01	3.564473248318e-02	-1.344081993398e-21	3.564473248318e-02	-3.564473248318e-02
...
6526                	1.481227886855e-02	-5.183957876639e-01	5.332080665324e-01	1.051603854196e+00	5.357255073886e-01	5.158783468077e-01	9.923580290423e-03	-5.258019270982e-01	7.406139434273e-03	-5.210345101256e-21	7.406139434273e-03	-7.406139434273e-03
6527                	1.481194101506e-02	-5.183911135858e-01	5.332030546009e-01	1.051594168187e+00	5.357188646824e-01	5.158753035043e-01	9.921780589043e-03	-5.257970840934e-01	7.405970507532e-03	-5.210054843905e-21	7.405970507532e-03	-7.405970507532e-03
6528                	1.481227877967e-02	-5.183957869750e-01	5.332080657547e-01	1.051603852730e+00	5.357255068680e-01	5.158783458617e-01	9.923580503172e-03	-5.258019263649e-01	7.406139389835e-03	-5.210345095225e-21	7.406139389835e-03	-7.406139389835e-03
6529                	1.481194092636e-02	-5.183911128976e-01	5.332030538240e-01	1.051594166722e+00	5.357188641623e-01	5.158753025593e-01	9.921780801473e-03	-5.257970833608e-01	7.405970463182e-03	-5.210054837878e-21	7.405970463182e-03	-7.405970463182e-03
6530                	1.481227869116e-02	-5.183957862874e-01	5.332080649786e-01	1.051603851266e+00	5.357255063483e-01	5.158783449177e-01	9.923580715282e-03	-5.258019256330e-01	7.406139345581e-03	-5.210345089203e-21	7.406139345581e-03	-7.406139345581e-03
6531                	1.481194083804e-02	-5.183911122106e-01	5.332030530487e-01	1.051594165259e+00	5.357188636429e-01	5.158753016164e-01	9.921781013272e-03	-5.257970826297e-01	7.405970419020e-03	-5.210054831862e-21	7.405970419020e-03	-7.405970419020e-03
6532                	1.481227860302e-02	-5.183957856011e-01	5.332080642041e-01	1.051603849805e+00	5.357255058294e-01	5.158783439758e-01	9.923580926754e-03	-5.258019249026e-01	7.406139301510e-03	-5.210345083192e-21	7.406139301510e-03	-7.406139301510e-03
6533                	1.481194075006e-02	-5.183911115249e-01	5.332030522750e-01	1.051594163800e+00	5.357188631244e-01	5.158753006756e-01	9.921781224413e-03	-5.257970819000e-01	7.405970375032e-03	-5.210054825855e-21	7.405970375032e-03	-7.405970375032e-03
6534                	1.481227851523e-02	-5.183957849160e-01	5.332080634313e-01	1.051603848347e+00	5.357255053112e-01	5.158783430361e-01	9.923581137566e-03	-5.258019241737e-01	7.406139257613e-03	-5.210345077190e-21	7.406139257613e-03	-7.406139257613e-03
6535                	1.481194066246e-02	-5.183911108405e-01	5.332030515030e-01	1.051594162344e+00	5.357188626067e-01	5.158752997369e-01	9.921781434904e-03	-5.257970811718e-01	7.405970331228e-03	-5.210054819858e-21	7.405970331228e-03	-7.405970331228e-03
6536                	1.481227842781e-02	-5.183957842323e-01	5.332080626601e-01	1.051603846892e+00	5.357255047939e-01	5.158783420985e-01	9.923581347716e-03	-5.258019234462e-01	7.406139213904e-03	-5.210345071199e-21	7.406139213904e-03	-7.406139213904e-03
6537                	1.481194057521e-02	-5.183911101575e-01	5.332030507327e-01	1.051594160890e+00	5.357188620898e-01	5.158752988003e-01	9.921781644722e-03	-5.257970804451e-01	7.405970287605e-03	-5.210054813873e-21	7.405970287605e-03	-7.405970287605e-03
6538                	1.481227834073e-02	-5.183957835499e-01	5.332080618906e-01	1.051603845441e+00	5.357255042775e-01	5.158783411631e-01	9.923581557204e-03	-5.258019227203e-01	7.406139170366e-03	-5.210345065219e-21	7.406139170366e-03	-7.406139170366e-03
6539                	1.481194048834e-02	-5.183911094757e-01	5.332030499641e-01	1.051594159440e+00	5.357188615738e-01	5.158752978661e-01	9.921781853852e-03	-5.257970797199e-01	7.405970244172e-03	-5.210054807897e-21	7.405970244172e-03	-7.405970244172e-03
6540                	1.481227825402e-02	-5.183957828689e-01	5.332080611229e-01	1.051603843992e+00	5.357255037619e-01	5.158783402299e-01	9.923581766004e-03	-5.258019219959e-01	7.406139127011e-03	-5.210345059248e-21	7.406139127011e-03	-7.406139127011e-03
6541                	1.481194040181e-02	-5.183911087954e-01	5.332030491972e-01	1.051594157993e+00	5.357188610586e-01	5.158752969340e-01	9.921782062315e-03	-5.257970789963e-01	7.405970200905e-03	-5.210054801930e-21	7.405970200905e-03	-7.405970200905e-03
6542                	1.481227816768e-02	-5.183957821892e-01	5.332080603569e-01	1.051603842546e+00	5.357255032472e-01	5.158783392989e-01	9.923581974119e-03	-5.258019212731e-01	7.406139083838e-03	-5.210345053288e-21	7.406139083838e-03	-7.406139083838e-03
6543                	1.481194031566e-02	-5.183911081165e-01	5.332030484321e-01	1.051594156549e+00	5.357188605444e-01	5.158752960042e-01	9.921782270084e-03	-5.257970782743e-01	7.405970157830e-03	-5.210054795976e-21	7.405970157830e-03	-7.405970157830e-03
6544                	1.481227808170e-02	-5.183957815110e-01	5.332080595927e-01	1.051603841104e+00	5.357255027334e-01	5.158783383703e-01	9.923582181540e-03	-5.258019205518e-01	7.406139040849e-03	-5.210345047339e-21	7.406139040849e-03	-7.406139040849e-03
6545                	1.481194022985e-02	-5.183911074389e-01	5.332030476688e-01	1.051594155108e+00	5.357188600310e-01	5.158752950767e-01	9.921782477158e-03	-5.257970775539e-01	7.405970114923e-03	-5.210054790032e-21	7.405970114923e-03	-7.405970114923e-03
